      0/19     13.3G   0.08682   0.05562   0.04823    0.1907        87       640    0.2058     0.452     0.232    0.1002   0.02952   0.01836    0.0247
      1/19     13.9G   0.06313   0.04774   0.02721    0.1381        77       640    0.2486     0.568    0.3617    0.1922   0.02635   0.01414   0.01966
      2/19     13.9G   0.06184   0.03872   0.01679    0.1173        67       640    0.3703    0.6162    0.4979    0.2643   0.02544   0.01226   0.01611
      3/19     13.9G   0.05713   0.03767   0.01353    0.1083        71       640    0.2413    0.6786    0.4395    0.2008   0.02721   0.01106   0.01593
      4/19     13.9G   0.05318   0.03626   0.01079    0.1002        66       640    0.3985    0.6589    0.5555    0.3252   0.02169   0.01104   0.01444
      5/19     13.9G    0.0537    0.0347  0.009786   0.09819       115       640    0.3651    0.6569    0.5487    0.3606   0.02263   0.01096   0.01544
      6/19     13.9G   0.05109   0.03462  0.009713   0.09542        89       640    0.4437    0.6748    0.5767    0.3726   0.02268   0.01092   0.01435
      7/19     13.9G   0.04796   0.03514   0.00865   0.09176        38       640    0.4195    0.7068    0.6105    0.3657   0.02252   0.01055   0.01458
      8/19     13.9G   0.04829   0.03471  0.008604   0.09161        89       640    0.4654    0.7151    0.6116    0.3498   0.02303   0.01051   0.01362
      9/19     13.9G   0.04665   0.03453  0.007937   0.08912        85       640    0.4589    0.7739    0.6083    0.3751   0.02338   0.01099   0.01635
     10/19     13.9G    0.0447   0.03568  0.007487   0.08787       109       640     0.401    0.6198    0.5894    0.3719   0.02056   0.01148   0.01593
     11/19     13.9G    0.0425   0.03346  0.007033   0.08299        99       640    0.4177    0.7898    0.6118    0.3954   0.02152   0.01104   0.01322
     12/19     13.9G   0.04134   0.03513  0.006079   0.08255        78       640    0.4828    0.7806    0.6321    0.4155   0.01746   0.01056   0.01061
     13/19     13.9G   0.03874    0.0341  0.005867   0.07871        63       640    0.5095    0.7118    0.6048    0.4011   0.01855    0.0111   0.01382
     14/19     13.9G   0.03709   0.03272  0.005635   0.07545       128       640    0.5138    0.7383    0.6797    0.4532   0.01766   0.01114   0.01234
     15/19     13.9G    0.0352   0.03179  0.005069   0.07207        61       640    0.4942    0.7608    0.6232    0.4068   0.01766   0.01107   0.01279
     16/19     13.9G   0.03419   0.03089  0.004757   0.06983        68       640    0.5304    0.7078    0.6373    0.4388   0.01734   0.01054   0.01238
     17/19     13.9G   0.03363   0.03003  0.003954   0.06761        91       640    0.5516    0.7631    0.7047    0.4738   0.01717   0.01106   0.01453
     18/19     13.9G   0.03183   0.03011  0.003749   0.06569        82       640     0.542    0.7413    0.6977     0.477    0.0177   0.01086   0.01352
     19/19     13.9G   0.03095   0.02821  0.003643   0.06281        94       640    0.5521    0.7631    0.6968    0.4512   0.01683   0.01092   0.01432
