5 368.0268009792068 9.930422946310316 377.41985950039805 34.27570654908421
5 367.68183858382713 9.847830087551143 377.609793082205 34.35838015247348
5 367.4843688767153 9.834587612518519 377.67739600315736 34.40771014829942
5 367.59434843837687 9.873132355433809 377.62680807655113 34.382588097846146
5 367.79485189964623 9.869262165237467 377.53299181835007 34.330517582983525
5 367.9096266347156 9.902808488376788 377.4502113356725 34.303111902742494
5 367.6078575734162 9.842652402051732 377.62588870260544 34.37665033381519
5 367.74246624100533 9.868622779363186 377.568862527839 34.34422050474969
5 367.8810765769123 9.912569931626315 377.4870033920128 34.311790675684264
5 367.46829775986674 9.843054275719041 377.71464577356465 34.4131910230814
5 367.4078260752416 9.804999266070478 377.7394793922597 34.42552344039217
5 367.57586953011275 9.855683820195889 377.6304862299687 34.38578534284035
