5 0.21497052431032285 0.29686279057912923 0.10941179382660295 0.13630664297037196
5 0.4807944331008929 0.4347017727202864 0.0832138278261081 0.0903605589343043
5 0.6649448579467819 0.43393596815137087 0.11865716257413847 0.09495538634779731
5 0.5801884825999314 0.5824947541914367 0.11865716257413847 0.12864932731417109
5 0.3983496753958407 0.6016391383813702 0.10632890242443344 0.09342377720996631
5 0.32129942673475625 0.18582623831706058 0.13715010370852487 0.11027074769315319
5 0.5539916184190944 0.13069122948696105 0.10632890242443344 0.0888289497964733
5 0.43995769112855243 0.31600717476906265 0.0970835336768979 0.10414431114182919
5 0.3397923678691427 0.3190703930447247 0.11557537299162664 0.13477503383254094
5 0.6687968194700074 0.21722276557668782 0.08937850881078946 0.11792806334935405
5 0.7104037333830614 0.3389805818035736 0.08937850881078946 0.07657680672677943
5 0.5925167427496365 0.35276433401109847 0.121740053976308 0.1072075294174912
