5 99.11198059058017 0.26278957589322727 99.1997999065083 0.5570922348364064
5 99.22526258388214 0.23417879797585653 99.29424220106628 0.27575883661999445
5 99.12450148642684 0.2849998846590723 99.6223481089881 0.6125338244325088
5 99.09757576040097 0.2756924180771724 99.36558124116274 0.7136929712760315
5 99.0902621619046 0.2926617352811448 99.25249216418497 0.6979627496384521
5 99.04364669127428 0.2632846331219825 99.27346338246817 0.836959906636015
5 99.08347424645235 0.2699139085544956 99.66452180267693 0.8063252221986994
5 99.2110219127194 0.378652728210257 99.72005838016425 0.5604286859720761
5 99.18210053090786 0.2971808067978785 99.3776518668228 0.37526274419439437
5 99.11656325689009 0.28953075526108846 99.68956496049299 0.7437792975703728
5 99.07894367308145 0.2871951773051944 99.7631891055818 0.8136130535923785
5 99.05251037383456 0.27171141653541414 99.78078728871645 1.0077322021097277
4 99.197859697411 0.22409553627941264 99.62365923835804 0.35664660305592255
4 99.19155479040082 0.24384122885070295 99.2061716907098 0.2677614362806305
4 99.15349439931853 0.27729502129077943 99.33209550305772 0.4136663826757047
4 99.17249465787562 0.2687947558583244 99.51899166622032 0.4709085525079803
