5 0.08271679859634135 0.497203 0.0852231781698774 0.102564
5 0.17545911548682694 0.056177 0.11028876609656696 0.09324
5 0.5439237956665621 0.439394 0.08271679859634135 0.132401
5 0.26506868193430855 0.655711 0.10402236911489458 0.113753
5 0.14976715669066948 0.667832 0.09900960996782246 0.137995
5 0.16355269239295006 0.850583 0.09148957515154979 0.100699
5 0.5834021862606646 0.688345 0.09650233429862191 0.108159
5 0.6730117527081463 0.332168 0.15039352756013738 0.238695
5 0.2857478815833939 0.195105 0.08772955774341347 0.147319
5 0.6153605420384946 0.595105 0.11028876609656696 0.130536
5 0.6949436940961674 0.665967 0.0864759199088132 0.134266
5 0.7068501171900443 0.92331 0.11780880091283961 0.104429
4 0.5263782425561452 0.050583 0.08271679859634135 0.100699
4 0.0864759199088132 0.078555 0.07770314335360475 0.108159
4 0.23185668832187845 0.262238 0.07269038420653262 0.124942
4 0.4273686325883228 0.282751 0.09775597213322218 0.106294
