5 0.07407831031174979 0.5636639138426941 0.0763229373640309 0.11627368631999824
5 0.157135128832624 0.0636861557310415 0.09877081291154861 0.1057033511999984
5 0.4871193808885464 0.49812760936478007 0.07407831031174979 0.15009898543791275
5 0.23738636416623515 0.7433596108826914 0.09315884402466919 0.1289583151979131
5 0.13412629715012434 0.7571008198047761 0.08866958992010697 0.15644073304208256
5 0.1464721471938471 0.9642800683585181 0.08193490625091032 0.1141593925620832
5 0.5224748651271222 0.7803557838026908 0.08642416035547253 0.12261656759374331
5 0.6027261004607333 0.3765687554847819 0.13468725328510628 0.27060125927374107
5 0.25590594174417264 0.22118460248686922 0.078567564416312 0.16701106816208242
5 0.5510956656965013 0.6746524326026925 0.09877081291154861 0.14798469167999775
5 0.6223675903086346 0.7549865260468611 0.07744484963399478 0.1522132791958278
5 0.6330305719474115 1.0467284555606018 0.10550549658074526 0.11838798007791325
4 0.4714061890102253 0.057344408126871714 0.07407831031174979 0.1141593925620832
4 0.07744484963399478 0.08905541348687124 0.06958825369483425 0.12261656759374331
4 0.20764284881453884 0.29729124208478314 0.06509899959027203 0.14164294407582795
4 0.3827365990901183 0.3205462060826978 0.08754687513778975 0.12050227383582827
