5 12.730112800541223 0.406643 13.011482279861012 0.186713
5 12.447371775702626 0.595455 13.507132985232936 0.123776
5 12.34673596938385 0.594406 13.802879707581493 0.13007
5 12.422042727025259 0.797902 13.652266192298674 0.176224
5 12.56170052075475 0.824126 13.340089314036637 0.127972
5 12.684930116522962 0.254545 13.175784817972671 0.151049
5 12.423411335615436 0.179021 13.616667684315267 0.121678
5 12.50830226929181 0.432867 13.422242051556449 0.142657
5 12.630160319541213 0.437063 13.227816418798076 0.184615
5 12.291284805035978 0.297552 13.83573904043224 0.161538
5 12.254316709486517 0.464336 13.909675231531162 0.104895
5 12.416567313689121 0.483217 13.671434544368271 0.146853
