5 0.0917046797385621 76.49395330718954 0.09448339869281046 76.10189364705883
5 0.19452423529411766 76.05580983006536 0.1222725751633987 76.0926305882353
5 0.6030257254901961 76.43652214379085 0.0917046797385621 76.13153563398693
5 0.2938706405228758 76.65142530718954 0.11532528104575164 76.11300951633987
5 0.1660406274509804 76.66346708496732 0.1097678431372549 76.13709307189542
5 0.18132407843137258 76.84502363398693 0.10143069281045751 76.10004083660131
5 0.6467937777777778 76.6838460130719 0.10698813071895424 76.10745207843138
5 0.746140183006536 76.32999696732026 0.16673505882352943 76.23713490196079
5 0.3167968104575164 76.19382980392157 0.09726211764705883 76.14635613071896
5 0.6822246797385622 76.5912154248366 0.1222725751633987 76.12968282352941
5 0.7704552156862745 76.6616142745098 0.0958722614379085 76.13338844444445
5 0.7836553725490196 76.91727529411764 0.1306097254901961 76.10374645751634
4 0.5835736993464052 76.05025239215686 0.0917046797385621 76.10004083660131
4 0.0958722614379085 76.07804156862746 0.08614624836601308 76.10745207843138
4 0.2570498823529412 76.26052402614378 0.08058881045751634 76.12412538562091
4 0.47380585620915033 76.28090295424836 0.10837798692810457 76.10559926797386
