5 0.092308 0.497203 0.095105 0.102564
5 0.195804 0.056177 0.123077 0.093240
5 0.606993 0.439394 0.092308 0.132401
5 0.295804 0.655711 0.116084 0.113753
5 0.167133 0.667832 0.110490 0.137995
5 0.182517 0.850583 0.102098 0.100699
5 0.651049 0.688345 0.107692 0.108159
5 0.751049 0.332168 0.167832 0.238695
5 0.318881 0.195105 0.097902 0.147319
5 0.686713 0.595105 0.123077 0.130536
5 0.775524 0.665967 0.096503 0.134266
5 0.788811 0.923310 0.131469 0.104429
4 0.587413 0.050583 0.092308 0.100699
4 0.096503 0.078555 0.086713 0.108159
4 0.258741 0.262238 0.081119 0.124942
4 0.476923 0.282751 0.109091 0.106294