5 0.19382980392156862 101.40398520261438 0.09865197385620915 101.18549265359478
5 0.4335119477124183 101.59156313725491 0.07503037908496732 101.12296700653594
5 0.5995525751633987 101.59052099346405 0.10698813071895424 101.12921986928104
5 0.5231313464052287 101.79268695424837 0.10698813071895424 101.17507220915033
5 0.35917500653594775 101.81873955555555 0.0958722614379085 101.12713558169935
5 0.2897020653594771 101.25288130718954 0.12366243137254902 101.15006175163398
5 0.4995107450980393 101.17785092810458 0.0958722614379085 101.12088271895425
5 0.39669118954248367 101.43003780392156 0.08753610457516339 101.14172460130719
5 0.3063763660130719 101.43420637908497 0.10420941176470588 101.18340836601307
5 0.6030257254901961 101.29560721568627 0.08058881045751634 101.16048219607843
5 0.6405409150326797 101.46130112418301 0.08058881045751634 101.1042094117647
5 0.5342472156862745 101.48005871895425 0.1097678431372549 101.1458931764706
