5 611.7090910000001 0.406643 611.9965029999998 0.186713
5 611.2027959999999 0.595455 612.2853160000001 0.123776
5 610.9006979999998 0.594406 612.3881130000002 0.13007
5 611.054546 0.797902 612.3111890000001 0.176224
5 611.373427 0.824126 612.168532 0.127972
5 611.5412600000001 0.254545 612.0426559999999 0.151049
5 611.090909 0.179021 612.309791 0.121678
5 611.2895100000002 0.432867 612.2230769999999 0.142657
5 611.4881109999999 0.437063 612.0986020000001 0.184615
5 610.8671330000001 0.297552 612.4447549999999 0.161538
5 610.7916090000002 0.464336 612.4825169999998 0.104895
5 611.0349660000002 0.483217 612.3167819999999 0.146853
