5 611.904895 0.497203 611.907692 0.102564
5 611.731469 0.056177 611.9496499999999 0.09324
5 610.878322 0.439394 612.422377 0.132401
5 611.524476 0.655711 612.063636 0.113753
5 611.7762240000002 0.667832 611.9461529999999 0.137995
5 611.7370639999999 0.850583 611.9783209999999 0.100699
5 610.8055939999998 0.688345 612.4356650000002 0.108159
5 610.6657339999998 0.332168 612.4153850000001 0.238695
5 611.4601400000001 0.195105 612.123077 0.147319
5 610.7496510000002 0.595105 612.4405589999998 0.130536
5 610.545455 0.665967 612.582518 0.134266
5 610.5538469999999 0.92331 612.5258730000002 0.104429
4 610.9174819999998 0.050583 612.4027970000001 0.100699
4 611.893707 0.078555 611.9230770000001 0.108159
4 611.5636370000001 0.262238 612.0965029999999 0.124942
4 611.155245 0.282751 612.2587410000001 0.106294
