      0/19     13.9G   0.08561   0.05731   0.04801    0.1909       111       640    0.2101    0.4531    0.2409     0.116   0.02822   0.01801   0.02464
      1/19     13.9G   0.06227   0.04669   0.02794    0.1369        80       640    0.2938    0.6898    0.4231    0.1975   0.02727   0.01348   0.01829
      2/19     13.9G   0.06021   0.03823   0.01908    0.1175        76       640    0.4172    0.5913    0.5125    0.3066   0.02253   0.01192   0.01444
      3/19     13.9G   0.05492   0.03608   0.01507    0.1061       113       640    0.3647    0.6288    0.5393    0.3345   0.02245   0.01115   0.01417
      4/19     13.9G   0.05334   0.03617   0.01224    0.1018       111       640    0.4418    0.6359     0.597    0.3544   0.02032   0.01066   0.01308
      5/19     13.9G   0.05374   0.03597   0.01087    0.1006       104       640    0.4503    0.7453     0.633    0.3577   0.02138    0.0106   0.01314
      6/19     13.9G   0.05015   0.03477  0.009493   0.09442       103       640    0.5053    0.6524    0.6123    0.3975   0.01928   0.01073   0.01307
      7/19     13.9G    0.0474   0.03528  0.008744   0.09143        81       640    0.5127    0.6452    0.6187    0.4001   0.02047   0.01027   0.01448
      8/19     13.9G   0.04781    0.0355  0.009044   0.09236       103       640     0.474    0.7191    0.6271    0.3703   0.02276   0.01077    0.0133
      9/19     13.9G   0.04599   0.03722  0.008858   0.09208        85       640    0.5969     0.713    0.6631    0.3983   0.02199    0.0107   0.01146
     10/19     13.9G   0.04486   0.03492  0.008085   0.08787       117       640    0.5675    0.6882    0.6402      0.41   0.02103   0.01083   0.01354
     11/19     13.9G   0.04148   0.03552  0.007902   0.08491       110       640    0.5263    0.6426    0.6186    0.4009   0.02015   0.01162   0.01284
     12/19     13.9G   0.04061   0.03437  0.007329   0.08231        64       640    0.6263    0.6794    0.6573    0.4326   0.01748   0.01086   0.01153
     13/19     13.9G   0.03887   0.03407  0.006754   0.07969       106       640    0.5772    0.7313    0.6865     0.456   0.01863   0.01041  0.009971
     14/19     13.9G   0.03722   0.03381  0.005709   0.07674        90       640    0.6682    0.6986    0.6929    0.4382   0.01966   0.01032   0.01181
     15/19     13.9G   0.03557   0.03269  0.004588   0.07285        89       640    0.6197    0.7248    0.7218     0.471    0.0177   0.01058   0.01286
     16/19     13.9G   0.03392   0.03117  0.004357   0.06945        84       640    0.6914    0.6899     0.686    0.4581   0.01942   0.01047    0.0122
     17/19     13.9G   0.03298   0.03021  0.004026   0.06722        97       640    0.6654     0.679    0.6713    0.4607   0.01881    0.0103   0.01255
     18/19     13.9G   0.03194   0.02831  0.004084   0.06433       123       640    0.7034     0.682    0.6712    0.4577   0.01815   0.01094   0.01196
     19/19     13.9G   0.03083   0.02874   0.00354   0.06311        83       640    0.7034    0.6937    0.6811    0.4781   0.01919   0.01062   0.01236
