      0/19     9.66G   0.07998   0.05373   0.04467    0.1784        19       640    0.2072    0.5362    0.2973    0.1314   0.02436   0.01634   0.01794
      1/19     9.53G   0.06234   0.04245   0.02186    0.1267        33       640    0.2993    0.5863     0.475    0.2407   0.02262    0.0124   0.01267
      2/19     9.53G   0.06058   0.03765   0.01412    0.1123        36       640    0.4446    0.5498    0.4713    0.2417   0.02128    0.0116   0.01157
      3/19     9.53G   0.05797   0.03757    0.0126    0.1081        28       640    0.3421    0.5996    0.5234    0.2813   0.02061   0.01106   0.01119
      4/19     9.53G   0.05587   0.03557    0.0121    0.1035        22       640    0.4477    0.6501    0.4517    0.2003   0.02779  0.009632   0.01389
      5/19     9.53G   0.05194   0.03814   0.01235    0.1024        18       640    0.4661     0.632    0.5449    0.2823   0.01845    0.0111   0.01057
      6/19     9.53G   0.04841   0.03847   0.01185   0.09873        36       640    0.4995    0.6953     0.615    0.3772   0.01843   0.01141   0.01164
      7/19     9.53G   0.04543   0.03979   0.01064   0.09586        21       640     0.449    0.6303    0.6148    0.3695   0.01764    0.0114   0.01035
      8/19     9.53G   0.04506   0.03946   0.01094   0.09545        29       640    0.4768    0.7158    0.6525    0.3934   0.01733   0.01099  0.009259
      9/19     9.53G    0.0425   0.03895  0.009518   0.09097        21       640    0.5333    0.6242    0.6035    0.3824   0.01655   0.01091  0.009358
     10/19     9.53G    0.0407   0.03711  0.008248   0.08606        19       640    0.4612    0.6802    0.6487    0.4284   0.01516   0.01087   0.01013
     11/19     9.53G   0.03884   0.03506  0.006983   0.08088        52       640    0.4738    0.7603    0.6382    0.4221   0.01525   0.01025  0.007811
     12/19     9.53G   0.03812   0.03574  0.006115   0.07997        53       640    0.4815     0.781     0.682    0.4561   0.01401   0.01025  0.008395
     13/19     9.53G   0.03763   0.03408  0.005803   0.07751        39       640    0.5125    0.7478    0.6797    0.4494   0.01503   0.01046   0.00781
     14/19     9.53G   0.03488   0.03314  0.005333   0.07336        30       640    0.5293    0.8078    0.7085    0.4643   0.01477   0.01055  0.006754
     15/19     9.53G   0.03412   0.03229  0.004775   0.07119        42       640    0.5625    0.7758    0.6897    0.4606   0.01379   0.01059  0.006486
     16/19     9.53G   0.03353   0.03124  0.004556   0.06932        32       640     0.558    0.7984    0.6884    0.4779   0.01371   0.01055  0.006195
     17/19     9.53G   0.03242   0.03098  0.004042   0.06745        34       640    0.5808    0.7029    0.6827    0.4592    0.0139   0.01055   0.00736
     18/19     9.53G    0.0313   0.03106  0.003727   0.06608        29       640    0.5277     0.728    0.6819    0.4617   0.01427   0.01084  0.008272
     19/19     9.53G   0.03062   0.02899  0.003712   0.06332        36       640      0.53    0.7781     0.696    0.4701    0.0137   0.01048  0.007352
