0 0.663031 0.484204 0.031969 0.047892
0 0.628891 0.501194 0.100406 0.082155
4 0.967172 0.645585 0.013813 0.013372
4 0.963242 0.661581 0.011984 0.010609
4 0.952203 0.660539 0.012125 0.009461
4 0.982047 0.647342 0.035906 0.035808
2 0.650836 0.739426 0.127141 0.185129
2 0.408555 0.761230 0.031484 0.168548
2 0.468477 0.768817 0.099234 0.176604
2 0.506258 0.613255 0.107203 0.172272
2 0.357102 0.749871 0.087641 0.193279
2 0.556000 0.771265 0.084000 0.159859
2 0.610734 0.645012 0.110625 0.111616
4 0.059117 0.665621 0.057922 0.037096
0 0.267852 0.540222 0.101672 0.064520
0 0.052859 0.623384 0.098781 0.093513
0 0.205437 0.634368 0.226187 0.124567
0 0.359586 0.524087 0.026547 0.028548
