2 0.212047 0.277292 0.077406 0.120625
2 0.644125 0.231365 0.060000 0.087063
2 0.542570 0.241958 0.046359 0.112042
2 0.837016 0.236792 0.089375 0.126208
2 0.397227 0.258573 0.025297 0.064979
2 0.635703 0.233542 0.071250 0.114583
2 0.307531 0.266333 0.046500 0.103583
2 0.461086 0.255740 0.103953 0.111604
2 0.757922 0.252635 0.025625 0.060396
2 0.955398 0.223052 0.072922 0.151312
0 0.810055 0.593042 0.110078 0.120917
4 0.581461 0.334833 0.755047 0.193250
4 0.654430 0.488406 0.020484 0.031146
4 0.696914 0.476646 0.020016 0.025000
4 0.778773 0.450177 0.023234 0.030313
2 0.775805 0.235854 0.030266 0.091042
2 0.774367 0.247031 0.038391 0.088104
4 0.591172 0.612812 0.018531 0.028708
4 0.684586 0.579146 0.023797 0.035292
4 0.535109 0.355615 0.028313 0.036396
4 0.682930 0.607292 0.021234 0.026958
4 0.663469 0.569917 0.025906 0.029500
4 0.672680 0.634187 0.037516 0.026417
4 0.677422 0.444354 0.023094 0.024750
4 0.837984 0.463938 0.018313 0.030083
2 0.364922 0.274604 0.014531 0.076292
4 0.483531 0.327125 0.029063 0.043917
