0 0.225448 0.885609 0.450896 0.228781
2 0.321604 0.698313 0.040500 0.031187
2 0.343021 0.806602 0.023458 0.056734
2 0.325479 0.803094 0.032750 0.057406
2 0.396583 0.865578 0.025833 0.047750
2 0.457021 0.880758 0.110417 0.052203
2 0.469260 0.837602 0.126438 0.069297
2 0.648260 0.349211 0.010104 0.024766
2 0.251312 0.810664 0.092792 0.035734
2 0.664375 0.265375 0.030917 0.020656
2 0.404615 0.741969 0.088854 0.045000
2 0.649271 0.297648 0.057542 0.065672
2 0.737708 0.353258 0.059542 0.041922
2 0.429104 0.771461 0.100542 0.067859
