4 0.944234 0.567108 0.010469 0.013700
4 0.950703 0.589215 0.039813 0.060726
2 0.196680 0.501546 0.020141 0.044403
2 0.213773 0.503197 0.015922 0.053372
2 0.240492 0.406370 0.029016 0.043091
2 0.216984 0.404227 0.027187 0.043443
2 0.194375 0.407787 0.025844 0.048782
2 0.284602 0.410176 0.019078 0.042693
2 0.266977 0.413384 0.025359 0.038618
2 0.322164 0.432178 0.017484 0.028197
2 0.359047 0.409052 0.023187 0.033232
2 0.401945 0.411733 0.016672 0.043044
2 0.398172 0.505539 0.016344 0.044426
2 0.364289 0.501124 0.020672 0.039625
0 0.742055 0.679684 0.124734 0.048361
2 0.646273 0.410012 0.019641 0.037588
0 0.825648 0.682447 0.052859 0.037073
