2 0.609740 0.437360 0.052080 0.062613
2 0.266830 0.849920 0.019420 0.048267
2 0.160960 0.903547 0.075120 0.079680
2 0.893580 0.859227 0.104720 0.108107
2 0.487800 0.940987 0.134840 0.110133
2 0.578200 0.264987 0.134000 0.123200
2 0.373310 0.185013 0.180340 0.164053
2 0.233430 0.223600 0.139900 0.146080
2 0.729670 0.955453 0.157780 0.089093
2 0.723670 0.845693 0.088820 0.124240
2 0.692660 0.879453 0.155280 0.113573
2 0.599790 0.390667 0.033940 0.025600
2 0.895130 0.729640 0.209740 0.196507
