2 0.478422 0.755386 0.521281 0.462827
2 0.199125 0.661799 0.398250 0.357290
2 0.113461 0.435315 0.103703 0.161799
2 0.317398 0.520199 0.136484 0.296238
2 0.739563 0.661963 0.107000 0.308224
2 0.919734 0.743785 0.160531 0.503505
2 0.833742 0.833610 0.229234 0.328388
2 0.674305 0.584603 0.155797 0.219486
2 0.558383 0.492208 0.067453 0.171472
2 0.456734 0.582979 0.115125 0.151612
2 0.143781 0.496133 0.120250 0.094416
2 0.466227 0.416682 0.064516 0.085748
2 0.144891 0.549451 0.114625 0.121799
