4 0.092969 0.984000 0.133156 0.032000
2 0.251742 0.393153 0.044547 0.113361
2 0.306375 0.373347 0.041906 0.098083
2 0.353531 0.228472 0.055937 0.104167
2 0.215336 0.239931 0.055359 0.115361
2 0.077484 0.216806 0.020750 0.096333
2 0.333461 0.029042 0.020953 0.050972
2 0.412297 0.040750 0.096531 0.080167
2 0.531469 0.198458 0.039906 0.121417
2 0.268609 0.293833 0.028781 0.086111
2 0.327367 0.363583 0.029797 0.108389
2 0.823516 0.373222 0.052594 0.111167
2 0.070969 0.636958 0.060156 0.123806
4 0.327563 0.747361 0.027125 0.059056
