2 0.119828 0.633319 0.239656 0.492167
2 0.452656 0.304053 0.587719 0.328823
2 0.148219 0.132509 0.288062 0.256177
2 0.370359 0.116852 0.444437 0.233703
2 0.600813 0.877534 0.341562 0.222474
2 0.257859 0.870222 0.355969 0.259556
2 0.832297 0.833328 0.273656 0.301126
2 0.624852 0.621621 0.296953 0.175666
2 0.117281 0.333712 0.226344 0.195512
2 0.525711 0.725845 0.347734 0.305614
2 0.342086 0.540486 0.274484 0.364659
2 0.878594 0.738951 0.234563 0.292133
2 0.682602 0.341280 0.433109 0.439590
