2 0.379227 0.219578 0.021967 0.019844
2 0.525211 0.263937 0.008314 0.020719
2 0.378724 0.278711 0.060258 0.043547
2 0.266581 0.279883 0.051194 0.048484
2 0.523501 0.235813 0.010328 0.020656
2 0.502014 0.248445 0.019953 0.025734
2 0.516159 0.220188 0.010445 0.022031
4 0.819824 0.286211 0.055527 0.049422
4 0.899028 0.497977 0.068876 0.040047
4 0.746487 0.283969 0.188197 0.105000
2 0.378255 0.247305 0.027752 0.019547
2 0.397752 0.235125 0.048150 0.029437
2 0.433689 0.310141 0.061803 0.029344
4 0.743630 0.491789 0.130398 0.079953
4 0.870246 0.251094 0.060679 0.036031
2 0.427073 0.278469 0.043279 0.035437
2 0.445808 0.247773 0.030211 0.012672
2 0.529309 0.215172 0.007190 0.017844
