0 0.199781 0.693073 0.399562 0.613854
0 0.204578 0.387625 0.233063 0.229417
0 0.469078 0.469833 0.228125 0.294958
0 0.411305 0.477958 0.279609 0.364625
4 0.750430 0.524271 0.018047 0.021542
4 0.740680 0.512073 0.012766 0.018188
4 0.611445 0.494469 0.061547 0.115021
4 0.558406 0.431521 0.016563 0.031042
4 0.715797 0.520344 0.089094 0.066437
4 0.592281 0.499302 0.068719 0.132188
4 0.756680 0.519927 0.009641 0.014687
4 0.764445 0.537271 0.015734 0.023125
4 0.433906 0.533115 0.042938 0.053729
4 0.446492 0.570073 0.041328 0.055938
4 0.391852 0.529615 0.045172 0.057313
4 0.415555 0.616156 0.044484 0.052062
