0 0.907063 0.681490 0.021719 0.019312
0 0.941164 0.685427 0.060234 0.054562
0 0.950281 0.671042 0.099437 0.072458
0 0.915227 0.798427 0.021766 0.022313
0 0.892203 0.783198 0.011469 0.023312
0 0.911836 0.810833 0.022797 0.010333
4 0.890969 0.731313 0.020969 0.029333
2 0.082727 0.445177 0.044891 0.135562
2 0.160328 0.463938 0.074938 0.149875
2 0.324828 0.454573 0.042812 0.094854
2 0.529680 0.482292 0.054891 0.083792
2 0.603508 0.496437 0.078078 0.119375
2 0.645406 0.503969 0.118219 0.123854
2 0.460766 0.472979 0.043719 0.094167
2 0.782375 0.472615 0.043375 0.038021
2 0.868789 0.485104 0.036047 0.049458
2 0.030328 0.437792 0.060656 0.141292
2 0.303719 0.453615 0.050687 0.105604
2 0.388656 0.454948 0.039438 0.099062
0 0.891961 0.664042 0.030141 0.042667
4 0.883391 0.734187 0.010906 0.019125
4 0.976312 0.761875 0.047375 0.076250
4 0.955742 0.795604 0.018516 0.027875
4 0.060227 0.951385 0.120453 0.095479
4 0.824008 0.663073 0.019734 0.011229
4 0.805398 0.655417 0.016984 0.014042
2 0.025320 0.621333 0.050641 0.114792
