2 0.688466 0.862383 0.225785 0.096828
2 0.698150 0.765672 0.233115 0.118687
2 0.705621 0.491008 0.225667 0.114609
2 0.703396 0.600258 0.241827 0.117578
2 0.678841 0.399961 0.277026 0.115516
2 0.197037 0.837078 0.279555 0.105625
2 0.212190 0.305617 0.276183 0.112359
2 0.697986 0.310391 0.241218 0.092625
2 0.151265 0.640961 0.176019 0.090984
2 0.705550 0.220125 0.233115 0.091938
2 0.684508 0.696734 0.256323 0.091812
2 0.215562 0.486148 0.296417 0.739328
2 0.698489 0.144820 0.263162 0.052828
