2 0.410445 0.232586 0.400616 0.213484
2 0.895674 0.253937 0.208653 0.229219
2 0.692831 0.234836 0.288950 0.240453
2 0.565765 0.491102 0.037100 0.040203
4 0.776952 0.789242 0.100114 0.060703
4 0.500000 0.822125 1.000000 0.355750
2 0.500742 0.494383 0.528653 0.346078
2 0.124075 0.247969 0.210023 0.112813
2 0.080342 0.451922 0.052740 0.093219
2 0.204224 0.475687 0.391644 0.365969
0 0.774178 0.586094 0.193288 0.123531
0 0.840400 0.497352 0.157831 0.137328
0 0.921244 0.418125 0.157511 0.111281
0 0.930479 0.588016 0.139041 0.113906
