2 0.593828 0.275282 0.245312 0.213474
2 0.266250 0.417641 0.184812 0.407066
2 0.477688 0.287066 0.175406 0.221174
2 0.308273 0.438533 0.116766 0.394296
2 0.356305 0.451045 0.054828 0.357629
0 0.628820 0.465880 0.220828 0.282371
0 0.435680 0.505775 0.189203 0.245117
0 0.852680 0.494249 0.055766 0.158122
4 0.794641 0.524906 0.131781 0.182441
4 0.532477 0.408169 0.095891 0.113427
4 0.210141 0.398275 0.039844 0.086174
4 0.772109 0.406725 0.110531 0.124531
0 0.714609 0.383545 0.042875 0.044131
