0 0.062059 0.593672 0.068259 0.031438
0 0.117765 0.622773 0.056424 0.025297
0 0.261600 0.613148 0.069224 0.041578
0 0.223706 0.642477 0.053718 0.028078
0 0.531318 0.483391 0.055435 0.028875
0 0.321247 0.609797 0.057882 0.028094
0 0.168706 0.625805 0.045318 0.019922
4 0.638188 0.789266 0.170071 0.122625
4 0.387282 0.882242 0.219506 0.138328
4 0.841071 0.725969 0.210800 0.122594
4 0.858765 0.865227 0.228729 0.163203
4 0.603200 0.921695 0.203153 0.152266
4 0.524400 0.820617 0.177929 0.102578
4 0.773412 0.705586 0.165318 0.113172
4 0.489376 0.775688 0.149153 0.067281
4 0.774941 0.915727 0.236894 0.141578
4 0.730682 0.799438 0.092894 0.081219
4 0.975494 0.793289 0.049012 0.122484
4 0.937282 0.662648 0.123741 0.080766
0 0.455765 0.492336 0.042071 0.015453
0 0.479165 0.458719 0.331224 0.090094
4 0.940376 0.757234 0.119247 0.111937
