4 0.599445 0.356625 0.088766 0.110542
4 0.691008 0.348312 0.286516 0.265167
4 0.756266 0.690385 0.065375 0.094604
4 0.908102 0.411979 0.065453 0.084292
4 0.904273 0.483156 0.062266 0.083021
4 0.845664 0.536698 0.112484 0.172604
4 0.707227 0.696427 0.071922 0.081354
4 0.702820 0.615917 0.058203 0.089625
4 0.670031 0.437094 0.057313 0.103771
4 0.663414 0.193417 0.062328 0.106625
4 0.750594 0.606948 0.068281 0.092812
4 0.848094 0.275677 0.062531 0.097896
4 0.611656 0.433344 0.092500 0.091687
