2 0.555883 0.303531 0.155297 0.150604
2 0.735000 0.581177 0.178250 0.230604
2 0.247055 0.371781 0.145109 0.080771
0 0.595672 0.586490 0.044938 0.097229
0 0.258422 0.566062 0.042750 0.069958
0 0.509664 0.528333 0.034922 0.048625
0 0.337906 0.555542 0.051062 0.075375
0 0.417383 0.637917 0.067547 0.080292
0 0.637836 0.587594 0.053703 0.093229
0 0.466422 0.525094 0.063906 0.063187
0 0.576859 0.518917 0.055813 0.056292
0 0.538016 0.565156 0.074625 0.060521
0 0.412008 0.502875 0.046641 0.052875
0 0.827664 0.414781 0.153766 0.158854
0 0.727820 0.582531 0.164984 0.230354
