2 0.664648 0.304740 0.123422 0.185854
2 0.691547 0.505781 0.107844 0.168229
2 0.636688 0.542365 0.035563 0.049479
2 0.561352 0.545281 0.119578 0.121188
2 0.513234 0.493990 0.044500 0.052312
2 0.527859 0.351792 0.060500 0.133667
2 0.611328 0.299771 0.078094 0.050458
2 0.744391 0.324042 0.125844 0.202958
2 0.841859 0.353563 0.099437 0.074167
2 0.634695 0.643156 0.042672 0.058771
2 0.454719 0.503417 0.053125 0.075333
2 0.446359 0.127635 0.056156 0.054771
2 0.447469 0.722125 0.075844 0.065667
