2 0.404703 0.568000 0.051000 0.031833
2 0.411023 0.546010 0.033953 0.017562
2 0.547227 0.573917 0.052359 0.024625
2 0.499211 0.558854 0.057109 0.022583
2 0.520789 0.543677 0.038234 0.012979
2 0.550352 0.557896 0.032516 0.013125
2 0.653266 0.569833 0.038500 0.014500
2 0.458836 0.558188 0.083734 0.045833
2 0.339508 0.570083 0.020547 0.022708
2 0.313500 0.578948 0.035187 0.020104
2 0.431562 0.375875 0.029750 0.022667
2 0.670086 0.564771 0.141297 0.029875
2 0.571016 0.559969 0.019719 0.025979
