0 0.310329 0.479898 0.444847 0.277797
0 0.844706 0.367586 0.084659 0.057672
0 0.911353 0.398320 0.100871 0.052109
0 0.851553 0.461313 0.096753 0.058375
0 0.939976 0.454227 0.095200 0.058047
0 0.751894 0.579430 0.122518 0.096078
0 0.677388 0.317977 0.099765 0.058297
0 0.725706 0.290031 0.082753 0.038156
0 0.823541 0.414164 0.092306 0.061953
0 0.795694 0.320039 0.093553 0.055859
0 0.872071 0.631719 0.103859 0.062187
0 0.897753 0.320289 0.164541 0.094109
0 0.742776 0.356141 0.085129 0.051094
