0 0.502302 0.716547 0.047675 0.040094
0 0.494300 0.740602 0.286208 0.260453
2 0.470677 0.460969 0.042799 0.055375
2 0.447483 0.507195 0.086704 0.050984
2 0.528758 0.465109 0.030564 0.046125
2 0.543160 0.464539 0.037381 0.038141
2 0.442991 0.410844 0.042190 0.025844
2 0.467494 0.409406 0.069255 0.044875
2 0.502088 0.411211 0.047156 0.043641
2 0.515621 0.412703 0.046862 0.046938
2 0.487698 0.458766 0.031242 0.043875
2 0.510542 0.464438 0.038826 0.046781
0 0.912156 0.640797 0.159571 0.040969
0 0.378521 0.432195 0.023634 0.021422
0 0.133849 0.417555 0.267698 0.032266
0 0.132777 0.387203 0.265553 0.032188
0 0.137302 0.357852 0.262054 0.032297
0 0.360688 0.428352 0.127111 0.032391
0 0.132415 0.450289 0.257517 0.027609
0 0.139368 0.327664 0.270790 0.029891
4 0.792348 0.749750 0.012460 0.012531
4 0.798488 0.751578 0.089526 0.076313
2 0.474187 0.632297 0.141467 0.080750
2 0.438623 0.452727 0.033770 0.042891
4 0.882054 0.697609 0.019368 0.015688
2 0.522280 0.414656 0.036343 0.038844
0 0.319210 0.479656 0.032370 0.023906
0 0.467065 0.721258 0.036163 0.037078
