2 0.449630 0.716880 0.046100 0.063733
2 0.502500 0.737187 0.053960 0.084667
2 0.431710 0.709960 0.144380 0.084720
2 0.510880 0.651773 0.044120 0.108240
2 0.406220 0.677653 0.047400 0.057493
2 0.446700 0.678907 0.040080 0.056000
2 0.374290 0.693267 0.032740 0.054693
2 0.384230 0.655413 0.026740 0.036053
2 0.469840 0.643720 0.048360 0.076507
0 0.204540 0.666267 0.030320 0.031413
0 0.195730 0.648800 0.029180 0.035040
0 0.215770 0.662040 0.181420 0.186853
0 0.322340 0.566733 0.027040 0.025733
4 0.088270 0.478853 0.038380 0.038027
2 0.406910 0.772880 0.027300 0.043307
2 0.385280 0.773733 0.022640 0.033707
2 0.433540 0.773013 0.028800 0.046240
2 0.504770 0.787800 0.047740 0.033733
4 0.885870 0.667760 0.008220 0.009333
