4 0.374641 0.461066 0.265687 0.344520
4 0.378578 0.786511 0.334344 0.404496
4 0.177664 0.506745 0.172422 0.325855
4 0.841078 0.467482 0.279531 0.386347
4 0.532250 0.228080 0.251875 0.298876
4 0.778891 0.162916 0.262375 0.325831
4 0.929875 0.365773 0.140250 0.389204
4 0.787883 0.757307 0.286359 0.422482
4 0.547992 0.776405 0.157422 0.267424
4 0.600469 0.538970 0.216625 0.376628
4 0.291812 0.111042 0.248469 0.222084
4 0.292867 0.296101 0.221828 0.197400
4 0.092422 0.596183 0.184844 0.441218
