0 0.125320 0.911986 0.250641 0.143250
0 0.267219 0.781903 0.058500 0.046583
4 0.837883 0.982681 0.019234 0.033583
4 0.675930 0.972736 0.017359 0.020694
2 0.220875 0.460431 0.314312 0.376917
2 0.444250 0.644597 0.066281 0.326917
2 0.801828 0.702847 0.312562 0.415861
2 0.785734 0.717375 0.073156 0.358750
2 0.183844 0.181153 0.084312 0.091417
2 0.406391 0.628097 0.135250 0.312361
2 0.417453 0.167222 0.049781 0.094778
2 0.404242 0.236847 0.040359 0.055194
2 0.449234 0.264194 0.020750 0.052111
2 0.633430 0.183931 0.060984 0.100028
2 0.723172 0.282806 0.056250 0.069389
2 0.770914 0.123931 0.069766 0.101639
2 0.574125 0.559667 0.114594 0.215944
4 0.880578 0.985486 0.039313 0.026750
2 0.521867 0.133611 0.032266 0.041833
