4 0.285781 0.158019 0.068937 0.110142
4 0.227594 0.122158 0.076000 0.104458
4 0.049078 0.227889 0.064906 0.106769
4 0.033359 0.190118 0.065562 0.099858
4 0.088281 0.100236 0.154688 0.191038
4 0.482258 0.463361 0.022734 0.034316
4 0.465492 0.492500 0.044422 0.055047
4 0.099031 0.590377 0.044375 0.061274
4 0.007328 0.147217 0.014531 0.055802
4 0.381711 0.414057 0.028516 0.043774
4 0.376953 0.460307 0.024813 0.032075
4 0.641281 0.425849 0.021813 0.034151
4 0.655281 0.426403 0.014406 0.030118
