2 0.980320 0.557542 0.038516 0.120083
2 0.496023 0.519698 0.113859 0.073604
2 0.890070 0.547333 0.053328 0.128708
2 0.397828 0.532010 0.104062 0.074229
2 0.394875 0.478979 0.079812 0.066042
2 0.394148 0.451958 0.057578 0.029750
2 0.388680 0.597813 0.130953 0.072000
2 0.832320 0.549010 0.066859 0.131812
2 0.537695 0.547365 0.078359 0.059937
2 0.151781 0.496958 0.061469 0.045250
2 0.496469 0.609406 0.024094 0.012854
2 0.842500 0.483688 0.003625 0.012458
2 0.498750 0.459969 0.097875 0.058312
