2 0.340030 0.797310 0.208709 0.172660
2 0.638303 0.837720 0.152643 0.231040
2 0.447087 0.850560 0.320541 0.276400
2 0.156456 0.868970 0.312913 0.254020
2 0.063994 0.778490 0.127988 0.144460
2 0.387462 0.198580 0.055345 0.068960
2 0.602718 0.216900 0.257988 0.174640
2 0.738123 0.787280 0.134264 0.167480
2 0.448574 0.174560 0.089279 0.131840
2 0.427372 0.261160 0.089339 0.087600
0 0.503378 0.559550 0.993243 0.364060
4 0.878213 0.369970 0.111441 0.051620
4 0.964054 0.377870 0.071892 0.046580
4 0.159670 0.740130 0.147508 0.083220
4 0.097853 0.610510 0.106336 0.065940
2 0.868544 0.829870 0.262913 0.262340
2 0.318228 0.178960 0.108649 0.080560
2 0.314204 0.246020 0.201141 0.089320
4 0.924610 0.716790 0.138529 0.043900
4 0.952853 0.413540 0.063904 0.051080
4 0.664459 0.682610 0.155946 0.100860
