4 0.483687 0.533955 0.061750 0.036455
4 0.773547 0.511749 0.019375 0.027911
4 0.634523 0.521138 0.017516 0.024108
4 0.598812 0.523615 0.017125 0.022911
4 0.796625 0.490763 0.013031 0.024202
4 0.752094 0.472688 0.019406 0.024155
4 0.669633 0.516350 0.017203 0.018521
4 0.541375 0.508040 0.043562 0.075610
4 0.723938 0.529777 0.031281 0.017629
4 0.813773 0.490035 0.018359 0.028897
4 0.711977 0.495810 0.013297 0.025188
4 0.434438 0.531315 0.032750 0.041784
4 0.369422 0.514624 0.008188 0.014272
