2 0.216086 0.761104 0.028578 0.105375
2 0.451039 0.767031 0.035297 0.080396
2 0.347352 0.870188 0.082391 0.082542
2 0.399805 0.864927 0.048391 0.115521
2 0.156906 0.672167 0.047625 0.026458
2 0.826195 0.437260 0.033172 0.052729
2 0.951305 0.673510 0.041766 0.032604
2 0.944219 0.297437 0.008125 0.016458
2 0.880203 0.274813 0.040813 0.082125
2 0.846992 0.471542 0.080859 0.086375
2 0.653289 0.556802 0.098078 0.092396
2 0.175781 0.923187 0.132812 0.114583
2 0.074070 0.698385 0.108859 0.206229
