0 0.522179 0.428810 0.190109 0.167020
0 0.761634 0.413370 0.194423 0.154100
0 0.306471 0.441820 0.161786 0.147600
0 0.193224 0.415300 0.195294 0.200920
0 0.118976 0.588950 0.179303 0.127820
0 0.306492 0.550240 0.186362 0.086280
0 0.500305 0.558680 0.158649 0.094160
0 0.623911 0.527550 0.154837 0.117340
0 0.776209 0.513890 0.147625 0.089700
0 0.421318 0.279040 0.168519 0.154720
0 0.632821 0.322950 0.134706 0.129900
4 0.495022 0.736980 0.990044 0.489600
0 0.383824 0.404100 0.125730 0.129640
0 0.282527 0.299910 0.082876 0.090260
