0 0.246180 0.708804 0.033516 0.108587
0 0.222023 0.664130 0.027953 0.107826
0 0.193312 0.648995 0.030937 0.112337
0 0.458672 0.746739 0.032531 0.111196
0 0.191508 0.552011 0.031859 0.100217
0 0.287945 0.688560 0.028172 0.092554
0 0.294258 0.781304 0.032297 0.106522
0 0.726211 0.518886 0.305922 0.665924
0 0.214398 0.439538 0.028172 0.095272
0 0.277344 0.547989 0.357812 0.766304
0 0.488500 0.436793 0.082812 0.152065
0 0.132664 0.288641 0.017984 0.062500
0 0.532242 0.715163 0.181734 0.471957
