0 0.850350 0.704227 0.165500 0.234747
0 0.152120 0.906840 0.208720 0.165093
0 0.686620 0.618347 0.165480 0.126773
4 0.179920 0.663520 0.172000 0.269013
4 0.321910 0.822480 0.175300 0.265173
4 0.692990 0.733840 0.191700 0.253813
4 0.570170 0.870093 0.146220 0.218107
4 0.265450 0.517973 0.176980 0.231467
4 0.746330 0.377080 0.158900 0.214907
4 0.065730 0.768533 0.131460 0.269653
4 0.239920 0.878040 0.126120 0.240240
4 0.385030 0.949747 0.205780 0.100507
4 0.666810 0.947560 0.217300 0.104880
4 0.365330 0.500520 0.087540 0.159707
