2 0.111828 0.880328 0.081781 0.115129
2 0.437789 0.902237 0.095953 0.051686
2 0.222266 0.907108 0.039219 0.156183
2 0.251789 0.893806 0.043016 0.125925
2 0.357250 0.799438 0.014375 0.051756
2 0.307352 0.770269 0.019297 0.012482
2 0.363828 0.754637 0.034344 0.036159
2 0.430938 0.815445 0.053750 0.065222
2 0.386461 0.833021 0.050422 0.090117
2 0.486391 0.782576 0.039750 0.093489
2 0.265484 0.876511 0.053406 0.114567
2 0.277945 0.876311 0.056516 0.112342
2 0.560680 0.820351 0.046328 0.037564
