0 0.713203 0.770468 0.033969 0.052131
4 0.506773 0.401405 0.039672 0.045293
4 0.502008 0.462201 0.158734 0.118314
4 0.803414 0.454133 0.134141 0.138431
2 0.493242 0.158970 0.061109 0.136300
2 0.433297 0.155059 0.065969 0.121358
2 0.696359 0.161323 0.061344 0.130047
2 0.356789 0.152717 0.051547 0.086089
2 0.629602 0.169169 0.076922 0.139883
2 0.218969 0.162576 0.083531 0.134988
2 0.277695 0.154321 0.093266 0.130234
2 0.365812 0.163934 0.068594 0.128244
2 0.560219 0.146920 0.079219 0.142506
2 0.754094 0.156674 0.067312 0.117705
0 0.593125 0.725703 0.151406 0.200445
2 0.846930 0.164672 0.088078 0.145222
2 0.965234 0.163068 0.058562 0.133911
0 0.366172 0.467717 0.028187 0.043630
0 0.359117 0.454696 0.117141 0.137635
0 0.693844 0.800679 0.031094 0.047073
0 0.726062 0.802834 0.029969 0.042295
0 0.733781 0.720316 0.147875 0.210984
