2 0.304266 0.506686 0.021875 0.040445
2 0.209898 0.587272 0.113953 0.240445
2 0.585008 0.306604 0.085109 0.104169
2 0.619867 0.512611 0.011609 0.028970
2 0.326789 0.303431 0.094797 0.124754
2 0.583688 0.573864 0.070062 0.142061
2 0.660547 0.526311 0.018500 0.032810
2 0.261109 0.440831 0.028469 0.022974
2 0.352938 0.499450 0.060219 0.180492
2 0.652672 0.598361 0.111594 0.226932
2 0.684789 0.486721 0.040828 0.128712
2 0.280883 0.532424 0.111672 0.248080
2 0.598117 0.480785 0.065859 0.121522
