2 0.129251 0.362539 0.033817 0.054078
2 0.334133 0.278164 0.199227 0.187016
2 0.299204 0.139609 0.136534 0.058188
2 0.647307 0.328469 0.143934 0.215313
2 0.902119 0.307883 0.091030 0.192828
2 0.797166 0.298367 0.024403 0.024547
2 0.553934 0.350656 0.137049 0.068906
2 0.463852 0.311352 0.314965 0.251766
2 0.163642 0.272102 0.191218 0.159703
2 0.820141 0.345219 0.126230 0.065656
2 0.198852 0.386047 0.138314 0.125875
2 0.737904 0.266531 0.086581 0.151344
2 0.738817 0.373258 0.083911 0.065578
