0 0.465667 0.616960 0.052827 0.026960
0 0.619147 0.603640 0.113760 0.030640
0 0.529067 0.574070 0.035840 0.015540
0 0.607387 0.572530 0.056587 0.026860
0 0.554560 0.533810 0.040960 0.022900
0 0.614360 0.435370 0.059440 0.041660
0 0.391787 0.568080 0.044640 0.025840
0 0.347733 0.604530 0.095680 0.029460
0 0.683627 0.527660 0.036160 0.013320
0 0.492800 0.572860 0.040587 0.019040
0 0.602107 0.535210 0.027573 0.017620
0 0.530627 0.417670 0.019227 0.019100
0 0.480987 0.603510 0.092000 0.032620
