2 0.661718 0.809039 0.198165 0.146953
2 0.238776 0.491227 0.197224 0.136422
2 0.468259 0.831539 0.080847 0.119359
2 0.382624 0.709234 0.272118 0.113750
2 0.329635 0.787141 0.198329 0.166469
2 0.191047 0.738195 0.258988 0.177016
2 0.132576 0.863008 0.194847 0.168172
2 0.529553 0.478742 0.206965 0.085234
2 0.404224 0.337680 0.106376 0.086016
2 0.390365 0.516437 0.179694 0.115062
2 0.636812 0.923883 0.252071 0.152234
2 0.472459 0.349562 0.048024 0.079750
2 0.587518 0.432766 0.289765 0.130031
