4 0.539984 0.797667 0.124875 0.169208
4 0.426703 0.769000 0.101250 0.161583
4 0.410109 0.647323 0.118031 0.123063
4 0.466812 0.587250 0.115187 0.134875
4 0.354687 0.566719 0.108000 0.140396
4 0.332719 0.692656 0.077094 0.101521
4 0.249383 0.704031 0.115641 0.155479
4 0.259141 0.562510 0.092031 0.118854
4 0.516148 0.701906 0.112984 0.101688
4 0.657891 0.580719 0.090781 0.089146
4 0.531016 0.924667 0.207906 0.150667
4 0.641289 0.654698 0.091641 0.097479
4 0.585891 0.516052 0.108031 0.134729
