2 0.410797 0.169125 0.238906 0.162292
2 0.612250 0.261375 0.271563 0.159333
2 0.601687 0.594385 0.276406 0.276396
2 0.326969 0.559552 0.225844 0.251688
2 0.385039 0.815083 0.322859 0.319542
2 0.689367 0.870740 0.313141 0.258521
2 0.901719 0.715406 0.086969 0.151438
2 0.806898 0.347083 0.047578 0.089625
2 0.864539 0.201885 0.188172 0.155438
2 0.211070 0.319042 0.195672 0.239375
2 0.865914 0.509094 0.251297 0.233771
2 0.166742 0.858531 0.154922 0.260188
2 0.394266 0.326979 0.184500 0.205000
