2 0.207100 0.857639 0.096029 0.177990
2 0.431430 0.845212 0.176846 0.187353
2 0.595433 0.695270 0.125670 0.167565
2 0.792304 0.877639 0.057778 0.180343
2 0.850400 0.875474 0.089297 0.186013
2 0.572263 0.871324 0.114690 0.175490
2 0.115114 0.863137 0.152418 0.164183
2 0.804861 0.722990 0.131324 0.164183
2 0.666389 0.871806 0.117974 0.167827
2 0.255858 0.719289 0.095474 0.156650
2 0.427132 0.696626 0.061160 0.146944
2 0.147614 0.712516 0.069477 0.152843
2 0.856127 0.711806 0.114248 0.114199
