2 0.527687 0.046753 0.015281 0.047953
2 0.303078 0.064624 0.103656 0.125200
2 0.369719 0.045306 0.068031 0.089435
2 0.756047 0.025447 0.063875 0.050471
2 0.646039 0.040812 0.047297 0.081624
2 0.546930 0.061659 0.056609 0.104353
2 0.234406 0.072247 0.062562 0.143271
2 0.729719 0.031000 0.039781 0.054141
2 0.835523 0.033306 0.040141 0.066612
2 0.837039 0.051365 0.067328 0.102541
4 0.544203 0.605953 0.045719 0.056612
4 0.522641 0.662588 0.144531 0.255341
2 0.500977 0.038776 0.047703 0.077553
2 0.953828 0.036247 0.092344 0.072494
2 0.408750 0.027424 0.083187 0.053294
