2 0.967695 0.862927 0.064609 0.247188
2 0.216570 0.496625 0.362359 0.265167
4 0.741070 0.664687 0.125578 0.160542
4 0.654320 0.769750 0.118734 0.160042
4 0.761602 0.817281 0.121328 0.160646
4 0.872023 0.854281 0.117422 0.161021
4 0.839266 0.749229 0.078969 0.096333
0 0.953094 0.555969 0.056219 0.042562
4 0.714984 0.579323 0.117188 0.122229
0 0.648086 0.425760 0.046297 0.056063
0 0.650711 0.392177 0.047078 0.044188
0 0.670695 0.438917 0.042453 0.024917
0 0.646320 0.368125 0.042453 0.038375
4 0.795586 0.689010 0.408828 0.495229
