0 0.178766 0.287479 0.076375 0.085917
0 0.208992 0.215354 0.064047 0.071917
0 0.278148 0.221490 0.074016 0.087729
0 0.114859 0.272250 0.073563 0.072917
0 0.272625 0.778531 0.101156 0.134229
0 0.166852 0.544948 0.333703 0.887646
4 0.962359 0.568167 0.070781 0.121333
4 0.878781 0.677490 0.140844 0.167271
4 0.927250 0.828833 0.145500 0.170792
4 0.868422 0.546292 0.123906 0.136167
4 0.848594 0.425844 0.129781 0.146063
4 0.823953 0.310583 0.106219 0.124250
4 0.902062 0.264302 0.098562 0.136813
4 0.934320 0.361875 0.097766 0.129708
4 0.955320 0.456833 0.089359 0.132667
4 0.814383 0.141229 0.084391 0.101708
4 0.972531 0.231792 0.054937 0.099792
4 0.971086 0.676687 0.057828 0.142375
0 0.580422 0.533719 0.618219 0.932562
4 0.728555 0.165073 0.097547 0.108854
