4 0.299914 0.684965 0.107047 0.149696
4 0.405945 0.637635 0.112828 0.158689
4 0.579195 0.516382 0.123578 0.148548
4 0.479148 0.568396 0.118016 0.141522
4 0.767422 0.456616 0.094250 0.144379
4 0.838633 0.420316 0.090641 0.124520
4 0.189953 0.832939 0.138156 0.188220
4 0.581633 0.640902 0.265297 0.223536
4 0.964336 0.347635 0.071328 0.136206
0 0.337344 0.522471 0.083969 0.119087
0 0.692508 0.796838 0.614984 0.406323
0 0.348687 0.382717 0.072563 0.097939
0 0.673008 0.290047 0.086703 0.111850
0 0.788219 0.312986 0.094500 0.106019
0 0.159680 0.638208 0.112453 0.134824
0 0.281516 0.357681 0.078969 0.070445
0 0.145242 0.455995 0.066891 0.081452
0 0.429336 0.518946 0.089766 0.091944
0 0.456664 0.283279 0.067422 0.066276
0 0.527578 0.291089 0.076594 0.122084
0 0.473781 0.365913 0.083969 0.125831
4 0.293047 0.791054 0.086031 0.115035
4 0.681500 0.501077 0.084312 0.095738
0 0.267508 0.479016 0.086766 0.117564
