2 0.625828 0.656948 0.221531 0.255771
2 0.859938 0.878542 0.093500 0.078833
4 0.658039 0.514677 0.021234 0.032146
4 0.567648 0.475156 0.040547 0.030396
4 0.663266 0.488854 0.027875 0.035125
4 0.681008 0.504396 0.035984 0.071625
2 0.910969 0.920042 0.178062 0.159917
2 0.837547 0.962042 0.154062 0.075917
4 0.519570 0.480771 0.010953 0.016167
4 0.564211 0.532292 0.024609 0.027875
4 0.629383 0.482969 0.013609 0.026396
4 0.644883 0.483958 0.022172 0.030042
4 0.585031 0.502437 0.017813 0.022500
4 0.594156 0.494521 0.015906 0.020375
4 0.540016 0.512031 0.021156 0.021688
4 0.625055 0.538677 0.025297 0.027604
4 0.536977 0.525479 0.021672 0.026625
