2 0.261797 0.742098 0.152969 0.460504
0 0.608945 0.491283 0.086984 0.128849
0 0.683750 0.546367 0.072000 0.115084
0 0.526773 0.483753 0.080797 0.116859
0 0.557500 0.784281 0.084125 0.145540
0 0.629891 0.603873 0.068687 0.104053
0 0.495086 0.860635 0.085891 0.130719
0 0.713648 0.829436 0.091422 0.137242
0 0.674766 0.440384 0.072938 0.102734
4 0.896437 0.530540 0.045375 0.066787
4 0.920578 0.494532 0.049375 0.073333
4 0.927820 0.588261 0.055953 0.084676
4 0.882047 0.604173 0.048594 0.082398
0 0.624234 0.844820 0.087250 0.131894
0 0.475094 0.727866 0.091625 0.140624
