0 0.614219 0.595333 0.049438 0.071500
0 0.623117 0.558083 0.229078 0.363375
4 0.404188 0.096698 0.168031 0.181604
4 0.554539 0.299521 0.040672 0.077833
4 0.268508 0.300094 0.025797 0.060438
4 0.274180 0.259958 0.010672 0.020333
4 0.261508 0.345177 0.136172 0.282354
2 0.426734 0.521354 0.089031 0.174333
2 0.381828 0.502500 0.033531 0.185042
2 0.353125 0.477698 0.046750 0.152896
2 0.471742 0.625573 0.071453 0.157771
2 0.358305 0.649604 0.054453 0.185667
2 0.431352 0.676167 0.134797 0.149917
2 0.437523 0.623938 0.079016 0.209208
2 0.489648 0.664750 0.033547 0.176333
2 0.317375 0.632083 0.041094 0.207458
2 0.411461 0.484677 0.044672 0.098354
0 0.236211 0.078312 0.157266 0.155875
2 0.474109 0.532865 0.059156 0.146604
2 0.444445 0.453542 0.052703 0.064167
2 0.493078 0.517687 0.038406 0.085333
