2 0.914141 0.509023 0.171718 0.151484
2 0.513188 0.762445 0.315835 0.106484
2 0.497447 0.716852 0.318094 0.094391
2 0.513212 0.538000 0.290376 0.062781
2 0.375612 0.514617 0.204824 0.076641
2 0.912200 0.765313 0.175600 0.097625
2 0.769812 0.513266 0.230682 0.067062
2 0.815529 0.564766 0.220612 0.061313
2 0.813094 0.603078 0.215929 0.074156
2 0.509835 0.675078 0.348894 0.092219
2 0.497141 0.643219 0.295082 0.090000
2 0.491200 0.601258 0.277318 0.074047
0 0.174165 0.304164 0.032706 0.016609
0 0.272894 0.308500 0.032565 0.016281
0 0.269282 0.294297 0.030424 0.014719
0 0.218200 0.306961 0.027694 0.013078
2 0.886224 0.735352 0.227553 0.117953
