2 0.510891 0.781702 0.139906 0.243967
2 0.386633 0.691890 0.117141 0.180070
2 0.303938 0.774953 0.090812 0.117324
2 0.286852 0.708791 0.116234 0.244202
2 0.185945 0.799883 0.098078 0.118685
2 0.088250 0.859554 0.155562 0.262911
2 0.051523 0.754120 0.103047 0.239789
2 0.556187 0.676796 0.113937 0.225235
2 0.240820 0.900000 0.131641 0.168545
2 0.960750 0.831796 0.078500 0.229601
2 0.166648 0.728298 0.132453 0.218568
2 0.187188 0.870434 0.096750 0.247488
2 0.366906 0.884108 0.161625 0.231784
