4 0.332234 0.593232 0.072844 0.101733
4 0.266992 0.557225 0.065141 0.107658
4 0.228875 0.593993 0.068687 0.095995
4 0.127305 0.637752 0.053078 0.062014
4 0.383695 0.679426 0.073297 0.081101
4 0.283250 0.635070 0.030000 0.025176
0 0.495445 0.487529 0.019891 0.041382
0 0.536453 0.543653 0.046375 0.054567
0 0.251805 0.797635 0.076953 0.100515
0 0.209273 0.777986 0.069891 0.103700
0 0.569078 0.530433 0.046312 0.070796
0 0.182578 0.911042 0.070625 0.139649
4 0.329359 0.661920 0.093437 0.067775
4 0.178219 0.618607 0.043188 0.041288
0 0.131484 0.844356 0.262969 0.280141
0 0.157016 0.766405 0.040906 0.062927
0 0.435469 0.486370 0.041375 0.050211
4 0.425383 0.632389 0.073109 0.155925
4 0.143258 0.596967 0.053391 0.050422
4 0.184414 0.648513 0.054359 0.055574
4 0.374852 0.569157 0.051609 0.085574
4 0.377297 0.625035 0.035500 0.035316
