2 0.618688 0.551297 0.067125 0.058726
2 0.608875 0.616686 0.037719 0.024599
2 0.739039 0.519847 0.066953 0.078939
2 0.528070 0.515590 0.064297 0.087972
2 0.678445 0.514080 0.080109 0.073726
2 0.561336 0.597158 0.071203 0.069363
2 0.512633 0.584116 0.046516 0.057759
2 0.494023 0.514894 0.041328 0.030307
2 0.734945 0.634351 0.051797 0.040118
2 0.710883 0.579894 0.046266 0.062618
2 0.544789 0.545483 0.073078 0.049033
2 0.536664 0.571427 0.016453 0.024458
2 0.613289 0.513962 0.062141 0.077736
