2 0.750516 0.900563 0.402441 0.181250
2 0.662864 0.802789 0.100892 0.087672
2 0.710822 0.720359 0.077136 0.091906
2 0.954683 0.743336 0.090634 0.075797
2 0.954225 0.830633 0.091549 0.119828
2 0.272383 0.720922 0.464108 0.176969
2 0.313486 0.853578 0.459131 0.151688
2 0.363427 0.952539 0.096761 0.094359
2 0.379601 0.327711 0.073709 0.042328
2 0.644448 0.311328 0.080070 0.029656
2 0.775352 0.777750 0.055258 0.072938
2 0.030704 0.465633 0.061408 0.067797
2 0.263815 0.943781 0.399695 0.112437
