2 0.068047 0.199026 0.055031 0.074437
0 0.063852 0.041362 0.019672 0.028357
0 0.112117 0.075833 0.026453 0.036455
0 0.071109 0.094613 0.032500 0.035845
0 0.088977 0.083439 0.018484 0.028239
0 0.101828 0.099742 0.023281 0.018498
0 0.059313 0.121948 0.018688 0.024554
0 0.046477 0.142700 0.017984 0.041127
0 0.369938 0.131350 0.079063 0.071526
0 0.167656 0.068075 0.023187 0.026197
0 0.055156 0.061585 0.021125 0.029601
0 0.079445 0.061279 0.021234 0.029601
4 0.359734 0.355810 0.088250 0.096643
4 0.279711 0.529214 0.086766 0.123592
4 0.584937 0.494953 0.062094 0.082770
4 0.536398 0.406244 0.927203 0.572911
4 0.958508 0.331655 0.082984 0.081854
0 0.037211 0.105258 0.015516 0.022113
0 0.106945 0.044554 0.021609 0.025117
