4 0.395516 0.125104 0.112437 0.140792
4 0.507742 0.125906 0.070422 0.127146
4 0.596719 0.157354 0.093906 0.132042
4 0.709148 0.197563 0.057703 0.095417
4 0.771938 0.276781 0.069125 0.071896
4 0.821922 0.259844 0.025062 0.038979
4 0.546953 0.077979 0.091312 0.145083
4 0.848008 0.144844 0.034984 0.053021
4 0.787664 0.128885 0.043078 0.073896
4 0.353062 0.066490 0.136969 0.125896
4 0.659414 0.203896 0.052609 0.106500
4 0.298883 0.913271 0.070953 0.093042
4 0.207563 0.051573 0.146344 0.103146
