4 0.294172 0.968037 0.240656 0.063926
2 0.463266 0.349977 0.025750 0.093395
2 0.751430 0.138106 0.224703 0.220508
2 0.708211 0.788487 0.114703 0.200993
2 0.497773 0.375473 0.022266 0.099400
2 0.508414 0.489099 0.022172 0.099076
2 0.538234 0.600370 0.016469 0.078984
2 0.695266 0.569330 0.135781 0.248868
2 0.383664 0.369076 0.067797 0.159861
2 0.412758 0.469942 0.091422 0.145427
2 0.760203 0.349677 0.251469 0.266051
2 0.841523 0.617321 0.099266 0.149654
2 0.453414 0.649781 0.127297 0.204088
2 0.432797 0.207656 0.024594 0.076467
