2 0.742258 0.348192 0.360609 0.688498
2 0.410594 0.176397 0.363469 0.325845
4 0.786219 0.898826 0.216125 0.178826
4 0.698156 0.687031 0.142187 0.248991
4 0.571461 0.795775 0.124766 0.150610
2 0.462867 0.082700 0.303953 0.160516
0 0.582852 0.625646 0.158641 0.240915
0 0.653641 0.884413 0.166531 0.231174
0 0.835500 0.760423 0.162938 0.221362
0 0.242195 0.873709 0.133453 0.252582
0 0.576594 0.954554 0.133125 0.064930
0 0.143945 0.528439 0.160297 0.162183
4 0.340102 0.435880 0.092078 0.169272
