2 0.540781 0.213354 0.191500 0.423167
2 0.360000 0.172219 0.285875 0.336479
4 0.708625 0.339198 0.290500 0.330979
4 0.915586 0.489417 0.168828 0.418833
4 0.907539 0.173563 0.184922 0.325000
4 0.746313 0.170833 0.165156 0.160792
4 0.666883 0.087531 0.190484 0.175063
0 0.411234 0.416854 0.323594 0.388750
4 0.929852 0.713719 0.034484 0.110521
0 0.135336 0.324500 0.259734 0.301792
0 0.216016 0.709375 0.430969 0.581250
4 0.416562 0.929271 0.060813 0.138833
0 0.680594 0.717885 0.516719 0.534687
