0 0.735203 0.721148 0.023844 0.022391
4 0.883719 0.717242 0.015844 0.016672
2 0.832492 0.601727 0.059953 0.059547
2 0.771633 0.658750 0.077734 0.056406
2 0.926281 0.583273 0.084000 0.059484
2 0.985187 0.615516 0.029625 0.027031
2 0.978484 0.580180 0.023125 0.035703
2 0.977141 0.676680 0.044875 0.041641
2 0.925273 0.673227 0.060047 0.035828
2 0.694734 0.608734 0.061813 0.061813
2 0.637836 0.610312 0.029984 0.046531
2 0.591023 0.608211 0.043484 0.060734
2 0.618437 0.607742 0.038000 0.042703
2 0.577133 0.591047 0.031516 0.035219
0 0.836664 0.656945 0.049266 0.060578
0 0.699086 0.723836 0.102859 0.086609
0 0.526273 0.760344 0.082609 0.045906
0 0.531391 0.689078 0.067750 0.045750
0 0.593055 0.781055 0.113672 0.065453
4 0.905281 0.722242 0.069469 0.027109
4 0.152961 0.617797 0.079547 0.050000
4 0.870047 0.712289 0.017844 0.015547
4 0.866148 0.725906 0.015359 0.012812
4 0.851492 0.713484 0.017203 0.012156
2 0.499977 0.521773 0.044109 0.050703
