2 0.575008 0.457201 0.027578 0.094568
2 0.694047 0.475891 0.016156 0.046769
2 0.422742 0.440334 0.011359 0.020669
2 0.710297 0.459958 0.022375 0.025432
2 0.607578 0.460474 0.016531 0.080557
2 0.586133 0.460265 0.020234 0.071504
2 0.728953 0.444610 0.038906 0.072841
2 0.528203 0.449540 0.024938 0.058357
2 0.496180 0.452535 0.041766 0.028969
2 0.464867 0.444986 0.022359 0.040836
2 0.432125 0.422284 0.023062 0.033092
2 0.539617 0.454123 0.033672 0.077437
2 0.804734 0.439373 0.032969 0.056184
