2 0.235039 0.588532 0.009828 0.010305
2 0.190195 0.619030 0.019797 0.031745
2 0.124227 0.703102 0.036953 0.050139
2 0.138391 0.669654 0.024063 0.039307
2 0.223219 0.698324 0.007812 0.016260
2 0.209164 0.695928 0.025797 0.049141
2 0.192281 0.673255 0.020000 0.036704
2 0.238414 0.678172 0.026266 0.045152
2 0.222758 0.676967 0.010391 0.032715
2 0.197328 0.657188 0.021781 0.026898
2 0.196922 0.644197 0.011406 0.015042
0 0.850156 0.605582 0.053812 0.044072
0 0.833742 0.458324 0.021703 0.037812
