2 0.385109 0.299150 0.030250 0.060020
2 0.492297 0.228260 0.040250 0.044280
2 0.458938 0.194790 0.055656 0.032300
2 0.493594 0.177930 0.026062 0.041860
2 0.597813 0.280170 0.070406 0.046860
2 0.625336 0.235090 0.012953 0.021620
2 0.255086 0.246680 0.055891 0.105560
2 0.545078 0.261560 0.043188 0.040840
2 0.213305 0.179120 0.075359 0.147120
2 0.506336 0.269860 0.058547 0.039600
2 0.361859 0.255620 0.043812 0.025120
2 0.149523 0.160170 0.035422 0.084260
2 0.372820 0.200860 0.061016 0.052400
