0 0.466570 0.541639 0.012391 0.011803
4 0.304109 0.509098 0.014781 0.019696
4 0.339516 0.504368 0.067719 0.050141
2 0.810281 0.295269 0.038656 0.043279
2 0.785719 0.289918 0.034937 0.047049
2 0.500109 0.328724 0.038375 0.059602
2 0.753844 0.258443 0.035594 0.057166
2 0.470633 0.219520 0.037672 0.052201
2 0.687828 0.288642 0.028063 0.062295
2 0.261742 0.186054 0.033734 0.068876
2 0.666930 0.232927 0.042266 0.062342
2 0.652992 0.296838 0.024453 0.051850
2 0.284078 0.238934 0.048875 0.052482
2 0.375469 0.337822 0.043188 0.065995
2 0.362477 0.257014 0.037984 0.072061
0 0.484641 0.547365 0.015438 0.009953
0 0.452813 0.543548 0.013469 0.015574
0 0.483961 0.540281 0.024609 0.022014
0 0.442992 0.553841 0.008734 0.011241
0 0.461344 0.533630 0.012562 0.009555
0 0.503578 0.551089 0.015844 0.020023
4 0.531539 0.769988 0.104203 0.060023
4 0.445000 0.834426 0.018000 0.029227
4 0.417437 0.833056 0.122531 0.072108
2 0.432242 0.313560 0.031766 0.051054
