0 0.470227 0.454688 0.185391 0.231458
0 0.202570 0.386406 0.192359 0.252396
0 0.313141 0.466760 0.145937 0.198354
0 0.414211 0.341990 0.160766 0.201104
0 0.650539 0.435052 0.207141 0.257354
4 0.284828 0.676844 0.175281 0.222479
4 0.682055 0.774854 0.169328 0.221583
4 0.428687 0.776500 0.172812 0.237125
4 0.766172 0.593667 0.173250 0.223458
4 0.880391 0.725833 0.179062 0.228667
4 0.140734 0.574156 0.197188 0.213479
4 0.942063 0.791438 0.115875 0.148250
4 0.961797 0.634833 0.076406 0.213500
0 0.892086 0.403302 0.137828 0.132646
0 0.868164 0.518240 0.201172 0.205729
0 0.059422 0.387010 0.114937 0.233771
0 0.985430 0.440354 0.029141 0.148333
4 0.164227 0.779188 0.177328 0.209083
4 0.434250 0.577542 0.134000 0.150042
4 0.567859 0.649854 0.173375 0.231167
4 0.678680 0.611156 0.048141 0.106521
4 0.042852 0.692594 0.085703 0.235937
0 0.789609 0.405312 0.104563 0.128417
