2 0.889562 0.719509 0.095031 0.101729
2 0.784117 0.791916 0.152797 0.155514
2 0.496555 0.793294 0.137828 0.147617
2 0.339688 0.794731 0.124625 0.136659
2 0.151367 0.326577 0.118984 0.164416
2 0.201352 0.772862 0.030641 0.060023
2 0.262906 0.765935 0.021750 0.040374
2 0.219102 0.798949 0.124359 0.115093
0 0.721508 0.746040 0.207578 0.103107
4 0.130562 0.773808 0.024594 0.038084
4 0.204578 0.737091 0.034219 0.026192
4 0.330188 0.718680 0.022812 0.031285
0 0.575719 0.749544 0.109719 0.093855
0 0.275430 0.700678 0.017922 0.008832
4 0.242500 0.720911 0.170500 0.086402
4 0.380969 0.722687 0.126031 0.070280
2 0.651641 0.263458 0.074500 0.154206
2 0.586977 0.280374 0.051859 0.147430
2 0.687273 0.269836 0.021828 0.096402
2 0.639094 0.344428 0.034469 0.029136
2 0.606383 0.322138 0.040266 0.045771
0 0.225781 0.730245 0.027781 0.036098
4 0.086438 0.772243 0.024750 0.031495
