2 0.165117 0.572354 0.083391 0.351375
2 0.263375 0.573344 0.110594 0.293646
2 0.628383 0.802927 0.334453 0.369354
2 0.453242 0.583094 0.200516 0.358854
2 0.555680 0.483625 0.145203 0.289125
2 0.759195 0.641896 0.201234 0.378708
2 0.797305 0.531698 0.060891 0.181479
2 0.074672 0.558854 0.148469 0.379333
2 0.324727 0.579021 0.111984 0.276417
2 0.352086 0.600146 0.212734 0.402708
2 0.834328 0.636302 0.233812 0.367813
2 0.911930 0.627573 0.176141 0.254021
2 0.309273 0.836792 0.328047 0.326417
