2 0.296312 0.660059 0.234031 0.251338
2 0.432180 0.617641 0.117109 0.230915
2 0.347070 0.299237 0.209891 0.155939
2 0.491195 0.534531 0.157453 0.179765
2 0.144016 0.282923 0.205187 0.177113
2 0.028602 0.484378 0.029453 0.065094
2 0.707133 0.329202 0.175797 0.165164
2 0.615352 0.289519 0.062828 0.102746
2 0.707484 0.231373 0.057063 0.055751
2 0.166125 0.832195 0.137500 0.335610
2 0.359859 0.538838 0.145469 0.161854
2 0.096820 0.701303 0.190172 0.394812
2 0.296508 0.785282 0.188453 0.174038
