4 0.889484 0.389458 0.026406 0.042750
4 0.962461 0.311708 0.032578 0.044958
4 0.259797 0.493083 0.010562 0.013250
4 0.811891 0.786906 0.028125 0.035687
4 0.355625 0.185771 0.015000 0.020000
4 0.354117 0.211479 0.012547 0.015958
4 0.342352 0.208188 0.010984 0.017958
4 0.846711 0.577771 0.033672 0.043500
4 0.978938 0.751469 0.039062 0.051021
4 0.790844 0.716073 0.026500 0.034312
4 0.861164 0.760073 0.014016 0.022271
4 0.183742 0.180469 0.017766 0.025604
4 0.259563 0.453750 0.008156 0.009417
