2 0.487063 0.422342 0.097656 0.174880
2 0.595859 0.415959 0.033219 0.072440
2 0.632664 0.438192 0.058078 0.078649
2 0.648781 0.396296 0.030562 0.043922
2 0.553500 0.391242 0.019531 0.026405
2 0.706719 0.413529 0.078875 0.142484
2 0.773289 0.410545 0.013047 0.058562
2 0.836844 0.412092 0.028750 0.066318
2 0.105961 0.403007 0.041734 0.092767
2 0.560945 0.432898 0.074797 0.184183
2 0.339109 0.396471 0.059344 0.108627
2 0.065328 0.466645 0.119656 0.165011
2 0.950375 0.449684 0.053687 0.165599
