4 0.490047 0.541212 0.169187 0.231748
4 0.298594 0.460606 0.165000 0.243450
4 0.120922 0.342389 0.151469 0.214662
4 0.470727 0.395513 0.161172 0.206737
4 0.508289 0.425105 0.360016 0.471888
4 0.333391 0.255606 0.136344 0.165618
4 0.779883 0.313228 0.153859 0.202634
4 0.816227 0.217389 0.148172 0.190723
4 0.673641 0.267622 0.131344 0.204709
4 0.380344 0.122471 0.140094 0.191002
4 0.881945 0.580897 0.161172 0.231445
4 0.196523 0.244371 0.137609 0.188089
4 0.724016 0.848741 0.551969 0.277203
