4 0.355340 0.325320 0.222680 0.231120
4 0.162900 0.261510 0.195680 0.214260
4 0.299580 0.140810 0.171040 0.180260
4 0.241550 0.478220 0.187660 0.186560
0 0.654280 0.149770 0.547280 0.189180
0 0.548020 0.304810 0.177760 0.192780
0 0.665540 0.451220 0.174960 0.174960
0 0.837800 0.447130 0.173160 0.176460
0 0.824750 0.623530 0.194700 0.183060
0 0.851710 0.800570 0.173260 0.175980
0 0.173910 0.823660 0.183260 0.183240
0 0.346940 0.854740 0.183240 0.191440
0 0.751120 0.308180 0.170400 0.177120
0 0.672260 0.777620 0.181200 0.185680
0 0.648090 0.618290 0.153140 0.151780
4 0.480520 0.703110 0.213000 0.223380
4 0.462830 0.501860 0.255540 0.197200
0 0.528640 0.890630 0.177080 0.184900
