2 0.365049 0.466356 0.210196 0.129837
2 0.548333 0.503578 0.100392 0.103203
2 0.367917 0.590163 0.256487 0.073660
2 0.771127 0.938039 0.357026 0.123922
2 0.771438 0.746969 0.192386 0.120114
2 0.836438 0.538154 0.063497 0.104771
2 0.848807 0.478260 0.141307 0.072010
2 0.675809 0.494346 0.134690 0.056209
2 0.475694 0.848676 0.251356 0.210000
2 0.919706 0.690882 0.160588 0.119281
2 0.641087 0.442255 0.127141 0.084542
2 0.665523 0.563930 0.124150 0.100212
2 0.765531 0.536765 0.115474 0.137320
