4 0.956828 0.446708 0.023844 0.028000
0 0.312852 0.469844 0.039141 0.050063
0 0.203359 0.578646 0.038937 0.051917
0 0.321148 0.700615 0.056766 0.070896
0 0.217953 0.535302 0.040969 0.045146
0 0.202547 0.506021 0.036094 0.040458
0 0.167344 0.514521 0.042125 0.047417
0 0.103000 0.564344 0.051156 0.069562
0 0.226078 0.600448 0.044062 0.048104
0 0.236062 0.562854 0.037812 0.043208
0 0.146555 0.628198 0.049734 0.061687
0 0.513477 0.512010 0.423672 0.283687
0 0.675437 0.532177 0.032125 0.038812
4 0.904188 0.469802 0.025656 0.025979
4 0.819320 0.407177 0.026734 0.032229
4 0.938922 0.437375 0.016344 0.029875
4 0.880211 0.408583 0.019172 0.017542
4 0.824789 0.368667 0.016484 0.011167
4 0.955047 0.477906 0.089906 0.077438
4 0.794086 0.368792 0.017828 0.016167
4 0.808648 0.368854 0.015641 0.016333
4 0.852406 0.411240 0.017656 0.021729
4 0.906203 0.442875 0.022406 0.025833
4 0.779547 0.379479 0.025406 0.027167
0 0.199016 0.636406 0.048594 0.061354
4 0.840078 0.423615 0.021906 0.023979
