4 0.430281 0.349781 0.124937 0.137896
2 0.280047 0.492042 0.037594 0.053542
2 0.207695 0.336313 0.080484 0.048375
2 0.394000 0.455198 0.048313 0.042312
2 0.172141 0.435823 0.024906 0.026521
2 0.186469 0.504010 0.049156 0.054354
2 0.079273 0.587562 0.053984 0.092542
2 0.080234 0.519177 0.023125 0.039938
2 0.347008 0.436708 0.020859 0.026208
2 0.307500 0.438740 0.015656 0.045396
2 0.292414 0.434750 0.014609 0.042208
2 0.322664 0.432833 0.020516 0.033250
2 0.300516 0.519896 0.016875 0.043125
2 0.196023 0.438427 0.034828 0.041896
