2 0.171812 0.865869 0.199719 0.268263
2 0.393391 0.508110 0.116844 0.175516
2 0.294445 0.865880 0.194203 0.244718
2 0.291211 0.555423 0.481953 0.412723
4 0.269867 0.256303 0.040859 0.043310
4 0.261664 0.299272 0.038422 0.063662
4 0.292023 0.237782 0.027297 0.031385
2 0.548266 0.497289 0.075031 0.192840
2 0.531586 0.318955 0.081234 0.106362
2 0.614172 0.269167 0.069250 0.097629
2 0.414375 0.290411 0.068156 0.096596
2 0.451055 0.316056 0.065766 0.108357
2 0.398383 0.368357 0.041203 0.082066
4 0.110375 0.449061 0.220750 0.199390
4 0.307391 0.247535 0.034781 0.036244
