2 0.818266 0.595510 0.075844 0.089896
2 0.732094 0.571021 0.115875 0.143250
2 0.807523 0.510896 0.019797 0.018667
2 0.626805 0.468594 0.052578 0.021937
2 0.180672 0.563250 0.038562 0.062875
2 0.800516 0.512344 0.042469 0.047688
2 0.488117 0.501885 0.012328 0.035146
2 0.639516 0.616417 0.014906 0.027750
2 0.631102 0.486833 0.045297 0.030208
2 0.231766 0.537031 0.033813 0.026646
2 0.161133 0.519313 0.019703 0.026250
2 0.035188 0.453177 0.041563 0.068021
2 0.462313 0.518385 0.009500 0.027687
