2 0.658297 0.816560 0.038452 0.026200
2 0.536703 0.796090 0.058297 0.021100
2 0.588390 0.770510 0.044954 0.018700
2 0.464365 0.831650 0.084830 0.017660
2 0.785728 0.796190 0.044396 0.005980
2 0.679241 0.741790 0.049071 0.015940
2 0.912245 0.744300 0.144489 0.036520
2 0.789009 0.763440 0.083467 0.026960
2 0.690263 0.819630 0.016254 0.010980
2 0.562074 0.816380 0.024768 0.014320
2 0.396610 0.803500 0.023127 0.006040
2 0.752136 0.708750 0.166935 0.025740
2 0.658437 0.776440 0.066594 0.022640
2 0.734923 0.764380 0.028050 0.015560
