2 0.696398 0.309177 0.044953 0.037604
2 0.693305 0.247063 0.038984 0.032333
2 0.724250 0.437896 0.011500 0.021625
2 0.654906 0.246229 0.038281 0.034625
2 0.688516 0.286833 0.038875 0.023542
2 0.439711 0.304250 0.035547 0.039583
2 0.123820 0.205490 0.036078 0.036188
2 0.086211 0.211312 0.031109 0.033667
2 0.050344 0.209719 0.034969 0.033937
2 0.817898 0.376531 0.053141 0.053646
2 0.252273 0.314083 0.040266 0.048000
2 0.821273 0.442156 0.032453 0.056688
2 0.698281 0.373823 0.041438 0.030271
