2 0.365240 0.673620 0.460987 0.140960
2 0.809707 0.701120 0.022240 0.025800
2 0.628880 0.501710 0.108373 0.079140
2 0.375987 0.509190 0.062427 0.038500
2 0.828493 0.722250 0.026373 0.020740
2 0.416533 0.518280 0.039947 0.016840
2 0.867560 0.724730 0.087973 0.021980
2 0.375893 0.466780 0.055147 0.030760
2 0.416373 0.454720 0.038080 0.026880
2 0.444507 0.570800 0.116000 0.044880
2 0.401133 0.462330 0.047867 0.039860
2 0.390320 0.369970 0.183520 0.042420
2 0.400453 0.321120 0.195413 0.053560
