2 0.421742 0.590052 0.097203 0.165063
2 0.765164 0.761792 0.087641 0.170792
2 0.576219 0.707083 0.442281 0.393708
0 0.065391 0.314031 0.025625 0.039646
0 0.046383 0.313917 0.017672 0.032042
0 0.092906 0.325094 0.029687 0.038396
0 0.024930 0.307792 0.026484 0.030917
0 0.017578 0.301594 0.020031 0.028438
4 0.238352 0.599135 0.051078 0.070021
4 0.477687 0.367938 0.058094 0.093583
4 0.601680 0.447198 0.589891 0.283146
4 0.251570 0.324844 0.043422 0.054938
4 0.208602 0.343146 0.066578 0.077667
4 0.164844 0.627469 0.054062 0.066229
4 0.405516 0.748198 0.066969 0.088229
4 0.579133 0.870875 0.065203 0.089875
4 0.758422 0.919104 0.074156 0.107875
4 0.791297 0.823594 0.075844 0.092146
0 0.145305 0.342125 0.025703 0.033000
0 0.125914 0.336687 0.028641 0.036250
4 0.294781 0.696313 0.059437 0.071542
4 0.228930 0.665344 0.057172 0.067479
4 0.791570 0.759917 0.062141 0.074750
