2 0.412219 0.686680 0.309779 0.308359
0 0.244978 0.682508 0.057196 0.037297
0 0.121865 0.390469 0.094812 0.059375
4 0.220397 0.307586 0.056821 0.035703
4 0.183797 0.271453 0.059426 0.033344
4 0.278455 0.377672 0.048124 0.034906
4 0.289558 0.401531 0.064592 0.035063
0 0.101336 0.448023 0.120949 0.058047
0 0.113731 0.753086 0.223046 0.124047
0 0.138046 0.680477 0.052781 0.035797
0 0.178742 0.581937 0.357483 0.247656
4 0.249338 0.345000 0.038057 0.027594
4 0.459680 0.345266 0.035386 0.023125
4 0.491402 0.351547 0.025894 0.012125
4 0.536843 0.315352 0.039382 0.024609
4 0.553609 0.341789 0.025762 0.031391
4 0.528709 0.334844 0.044746 0.027500
4 0.507506 0.369250 0.030464 0.023375
4 0.486291 0.374711 0.023797 0.015953
4 0.172517 0.292828 0.055408 0.037187
