2 0.426453 0.531362 0.064094 0.118075
2 0.305477 0.520376 0.031422 0.110986
2 0.626031 0.850610 0.056094 0.079859
2 0.728852 0.818345 0.095359 0.079507
2 0.755836 0.891127 0.071203 0.083521
2 0.511461 0.896772 0.027828 0.058052
2 0.580266 0.876221 0.044375 0.032254
2 0.503883 0.875399 0.072203 0.103333
2 0.493391 0.523533 0.035719 0.073075
2 0.526102 0.561350 0.063828 0.102277
2 0.482109 0.553005 0.031094 0.090235
2 0.545094 0.615329 0.102656 0.116808
2 0.276250 0.520669 0.053125 0.089507
