2 0.631180 0.719854 0.197203 0.442708
2 0.817602 0.700458 0.269297 0.428792
2 0.903406 0.576208 0.186062 0.227583
2 0.920508 0.595875 0.158984 0.364042
2 0.937922 0.378646 0.123031 0.137083
2 0.958250 0.282448 0.083500 0.072396
2 0.927172 0.101021 0.145656 0.143292
2 0.653937 0.313479 0.171906 0.307875
2 0.171008 0.500177 0.185391 0.196938
2 0.215820 0.634521 0.308984 0.510708
2 0.410711 0.694042 0.253109 0.368750
2 0.934961 0.229146 0.129547 0.182417
2 0.490141 0.307000 0.152562 0.294875
