2 0.860664 0.280583 0.088484 0.112667
2 0.818383 0.339083 0.036734 0.108750
2 0.874633 0.407854 0.071891 0.096833
4 0.536320 0.475427 0.712734 0.572562
4 0.872500 0.485563 0.070656 0.093583
2 0.769320 0.273719 0.057422 0.097187
2 0.933391 0.476771 0.070406 0.113083
2 0.982914 0.413417 0.034172 0.085500
2 0.974117 0.345344 0.051766 0.081687
2 0.979414 0.486594 0.041172 0.076521
2 0.930031 0.357302 0.044281 0.085104
2 0.947547 0.431958 0.077812 0.126458
2 0.880383 0.363385 0.093984 0.102188
2 0.799250 0.335323 0.019156 0.096896
2 0.825430 0.312875 0.035109 0.060333
