4 0.470617 0.610572 0.081609 0.048116
4 0.598336 0.442597 0.026078 0.037729
4 0.649555 0.443776 0.027297 0.019454
4 0.653758 0.606875 0.086547 0.095792
4 0.602094 0.642069 0.033563 0.024736
4 0.569875 0.643354 0.030187 0.030440
4 0.729797 0.626039 0.034281 0.036127
4 0.580297 0.454269 0.039000 0.033257
4 0.461344 0.647658 0.032875 0.031937
4 0.921758 0.506769 0.022359 0.022975
4 0.904141 0.505933 0.019000 0.022430
4 0.924922 0.555238 0.019906 0.026919
4 0.490828 0.695968 0.029219 0.035493
