2 0.541500 0.470771 0.063156 0.083505
2 0.396125 0.516449 0.051187 0.089299
2 0.321148 0.547804 0.018641 0.050421
2 0.158836 0.536355 0.056328 0.073551
2 0.054062 0.418843 0.046719 0.073107
2 0.962508 0.498131 0.074984 0.085374
2 0.805422 0.533621 0.077656 0.067103
2 0.665266 0.501776 0.110750 0.119439
2 0.553188 0.558178 0.051344 0.057243
2 0.049539 0.446577 0.093859 0.153294
2 0.078273 0.545607 0.059953 0.075748
2 0.239031 0.554077 0.066312 0.077687
2 0.134695 0.594778 0.041516 0.051659
