0 0.238427 0.935289 0.188229 0.091766
2 0.048260 0.306625 0.064229 0.081875
2 0.225208 0.289609 0.173500 0.107469
2 0.335219 0.272094 0.069104 0.096312
2 0.476833 0.248773 0.086708 0.112109
2 0.633792 0.253258 0.059792 0.130047
2 0.531490 0.247078 0.144896 0.140625
2 0.679979 0.244688 0.110792 0.144500
2 0.553885 0.383930 0.055063 0.041734
2 0.446417 0.248867 0.052458 0.106016
2 0.381042 0.271789 0.112458 0.108172
2 0.829635 0.324086 0.055438 0.058922
2 0.131156 0.283758 0.076188 0.092078
0 0.777531 0.626055 0.229896 0.121891
0 0.397281 0.532336 0.360812 0.035547
0 0.805385 0.566875 0.051937 0.024344
2 0.724823 0.421922 0.047896 0.037937
