0 0.338617 0.645316 0.092078 0.160281
0 0.267820 0.652822 0.125297 0.154918
0 0.452141 0.804063 0.079312 0.088407
0 0.109039 0.528981 0.085703 0.107752
0 0.087977 0.192283 0.175953 0.144707
0 0.339984 0.814766 0.084656 0.111874
0 0.508039 0.789005 0.086797 0.089016
4 0.731031 0.678478 0.236875 0.272131
4 0.840742 0.680304 0.200391 0.204590
4 0.513992 0.267658 0.037453 0.055691
4 0.428641 0.209426 0.052562 0.041663
4 0.486203 0.337869 0.042594 0.053677
4 0.443555 0.338302 0.053516 0.067424
4 0.267484 0.256159 0.054469 0.117330
4 0.194562 0.157646 0.077750 0.094403
4 0.237438 0.253173 0.064438 0.103349
4 0.329258 0.285714 0.093578 0.072740
4 0.308773 0.248384 0.040984 0.050445
4 0.293586 0.329602 0.065672 0.053489
0 0.405969 0.820609 0.078344 0.097564
4 0.253430 0.178548 0.044828 0.056862
