2 0.796242 0.787160 0.218234 0.400907
2 0.927016 0.396790 0.145969 0.250668
2 0.514742 0.614212 0.181109 0.194344
2 0.783859 0.648210 0.176156 0.316134
2 0.649195 0.555776 0.142484 0.184439
2 0.439633 0.742041 0.133578 0.130048
2 0.615547 0.374379 0.033625 0.055728
2 0.495063 0.408986 0.183906 0.215728
2 0.636922 0.684547 0.141125 0.249666
2 0.405250 0.622315 0.110656 0.143484
2 0.299984 0.737578 0.131531 0.061647
2 0.747586 0.402578 0.097703 0.157136
2 0.863203 0.389272 0.095812 0.169236
