2 0.740375 0.378322 0.030500 0.089173
2 0.454117 0.385697 0.023016 0.084303
2 0.523367 0.393239 0.067391 0.106525
0 0.013734 0.803700 0.027469 0.030757
0 0.114852 0.844728 0.229703 0.118865
0 0.203859 0.911608 0.237031 0.091111
4 0.362328 0.873144 0.027406 0.026714
4 0.334758 0.865378 0.030016 0.026312
4 0.367961 0.851288 0.023859 0.025887
2 0.750438 0.355508 0.094063 0.147423
2 0.206773 0.470957 0.054141 0.141820
2 0.360141 0.424965 0.079969 0.118723
2 0.978469 0.350650 0.043031 0.144137
2 0.264461 0.460697 0.053266 0.144563
2 0.302805 0.446206 0.077016 0.149811
2 0.911156 0.346005 0.083687 0.142459
2 0.583781 0.362317 0.068031 0.158865
2 0.831625 0.358617 0.087344 0.141820
2 0.636203 0.364243 0.071313 0.092884
4 0.403219 0.894184 0.031594 0.041560
4 0.415023 0.854031 0.030297 0.044941
4 0.483070 0.878936 0.129328 0.088132
