4 0.342414 0.588073 0.006891 0.008521
4 0.351742 0.603104 0.007797 0.008667
4 0.326570 0.589323 0.008734 0.012604
4 0.337414 0.599781 0.008016 0.013437
4 0.325313 0.565688 0.007938 0.009542
4 0.260133 0.485292 0.008641 0.010958
4 0.352773 0.499281 0.063359 0.041729
4 0.313336 0.589927 0.011672 0.012229
4 0.360258 0.603938 0.004859 0.007042
4 0.568172 0.600656 0.038000 0.022146
4 0.328883 0.573594 0.007109 0.008146
4 0.352781 0.575302 0.004906 0.004729
4 0.344930 0.574052 0.005297 0.007396
