2 0.418125 0.637039 0.479042 0.477984
2 0.897854 0.559266 0.204292 0.146625
2 0.620219 0.193406 0.179771 0.251688
2 0.148323 0.171914 0.284646 0.137078
2 0.054573 0.500242 0.109146 0.247984
2 0.940156 0.685852 0.119688 0.176422
2 0.441271 0.637273 0.239042 0.285203
2 0.724927 0.205289 0.137479 0.175391
4 0.371521 0.833711 0.212583 0.236016
4 0.610365 0.920297 0.144104 0.129562
4 0.855438 0.384266 0.164792 0.121344
4 0.798500 0.277148 0.170792 0.137078
4 0.720177 0.400914 0.158021 0.092766
4 0.502615 0.693180 0.032021 0.080328
4 0.868865 0.327852 0.168271 0.100641
4 0.949604 0.506727 0.100792 0.081266
4 0.879292 0.451734 0.205500 0.111062
4 0.968354 0.392672 0.062667 0.159625
4 0.501615 0.945852 0.157688 0.105641
4 0.510177 0.801156 0.109813 0.128344
2 0.050760 0.659625 0.094979 0.144719
2 0.357250 0.248523 0.259292 0.061047
4 0.969740 0.783383 0.060521 0.050234
