2 0.341594 0.425948 0.017344 0.059854
2 0.369836 0.502312 0.068328 0.082833
2 0.336398 0.545573 0.068703 0.079187
2 0.348734 0.614708 0.065344 0.020667
2 0.147437 0.459437 0.080563 0.069667
2 0.299547 0.474625 0.031469 0.056792
2 0.389352 0.439844 0.075359 0.071938
2 0.286125 0.545292 0.043844 0.091417
2 0.241867 0.549385 0.055297 0.065979
2 0.442148 0.438979 0.028609 0.047000
2 0.122453 0.555323 0.029563 0.027687
2 0.237969 0.493844 0.053156 0.064146
2 0.458313 0.462750 0.029687 0.048667
