2 0.367867 0.525045 0.088609 0.138473
2 0.510102 0.699790 0.042234 0.023892
2 0.447953 0.675883 0.027844 0.071168
2 0.560609 0.573698 0.075719 0.120749
2 0.586430 0.495240 0.064109 0.080719
2 0.517547 0.432305 0.028563 0.053952
2 0.546883 0.433982 0.011891 0.028982
2 0.584445 0.437844 0.013141 0.035509
2 0.433852 0.477560 0.077672 0.095659
2 0.298180 0.514311 0.060203 0.138623
2 0.484406 0.713728 0.043688 0.024341
2 0.494250 0.501946 0.007000 0.020659
2 0.348633 0.413443 0.088203 0.105629
