4 0.338461 0.309490 0.008766 0.012771
4 0.330328 0.308583 0.008375 0.011375
4 0.340187 0.344542 0.061969 0.086875
4 0.376359 0.335208 0.043969 0.073375
4 0.679609 0.392271 0.070438 0.065000
2 0.903289 0.596250 0.097766 0.070333
2 0.964234 0.567531 0.047625 0.084146
2 0.977102 0.506083 0.016297 0.060458
2 0.905570 0.501885 0.074641 0.084229
2 0.914281 0.546219 0.066594 0.072229
2 0.869953 0.490375 0.043406 0.075917
2 0.855359 0.542552 0.020531 0.071063
2 0.874453 0.584844 0.064719 0.067313
2 0.954500 0.543188 0.018406 0.049500
2 0.956445 0.500021 0.040047 0.067917
2 0.952898 0.614563 0.092016 0.067875
0 0.413516 0.395250 0.036219 0.019958
0 0.331930 0.426865 0.190172 0.094437
4 0.505812 0.652000 0.059344 0.067000
0 0.459523 0.396167 0.048203 0.037208
0 0.243945 0.350292 0.031141 0.083375
0 0.476086 0.357448 0.016234 0.014271
0 0.417992 0.414167 0.006078 0.007167
4 0.391539 0.317875 0.008984 0.011958
4 0.443000 0.347500 0.031219 0.049375
