0 0.774297 0.814844 0.064844 0.090979
0 0.597391 0.118531 0.038469 0.046271
0 0.921398 0.143687 0.041141 0.045167
0 0.818727 0.160385 0.036578 0.031521
0 0.766125 0.757938 0.089063 0.089667
0 0.756281 0.686344 0.055594 0.058021
0 0.372039 0.660469 0.043953 0.048937
4 0.144727 0.392969 0.018891 0.034229
0 0.573016 0.581594 0.050906 0.071604
0 0.977461 0.618313 0.044859 0.055125
0 0.181516 0.532240 0.051344 0.059521
0 0.961930 0.653521 0.076141 0.065042
0 0.585938 0.600312 0.043781 0.054750
0 0.621398 0.592656 0.044828 0.052271
