0 0.465344 0.824981 0.053500 0.075803
0 0.237398 0.940764 0.146641 0.096925
0 0.912547 0.962282 0.079563 0.075435
0 0.688805 0.911441 0.043891 0.050503
0 0.616602 0.440571 0.046609 0.052824
0 0.205617 0.902843 0.017016 0.024720
0 0.096938 0.755261 0.049500 0.057176
0 0.976328 0.979894 0.047344 0.040213
0 0.650516 0.650000 0.041156 0.037137
0 0.818070 0.702263 0.033391 0.047737
0 0.948531 0.098694 0.043156 0.048453
0 0.191484 0.747592 0.056563 0.058356
0 0.666867 0.942679 0.055297 0.059594
