2 0.943797 0.526896 0.026344 0.060708
2 0.962586 0.511427 0.050328 0.077854
2 0.913227 0.473740 0.064047 0.082687
2 0.738375 0.328406 0.121188 0.175396
2 0.645828 0.302396 0.052750 0.034208
2 0.631602 0.335323 0.033203 0.070479
2 0.806695 0.276906 0.050984 0.055563
2 0.606586 0.307437 0.136828 0.172083
2 0.830703 0.344958 0.022906 0.078208
2 0.930031 0.306229 0.108875 0.129042
2 0.844055 0.331052 0.095672 0.103104
2 0.634445 0.195052 0.097922 0.080354
2 0.774695 0.222104 0.070984 0.067375
