0 0.614532 0.301922 0.218150 0.065844
0 0.638618 0.260695 0.066464 0.022578
0 0.522822 0.239898 0.098946 0.040141
0 0.354485 0.278969 0.067424 0.025000
0 0.138607 0.279781 0.135714 0.043344
0 0.682119 0.229070 0.034262 0.020578
0 0.231815 0.282984 0.055948 0.029437
0 0.649754 0.234406 0.047799 0.018031
0 0.621932 0.188344 0.066628 0.030844
0 0.725878 0.183797 0.096440 0.048250
0 0.735831 0.278094 0.125386 0.040344
0 0.814461 0.219797 0.112623 0.043906
0 0.837237 0.174477 0.105386 0.059891
