0 0.152367 0.534269 0.179641 0.161792
0 0.311375 0.574057 0.030937 0.042264
0 0.463266 0.494517 0.036250 0.064505
0 0.558523 0.514269 0.029516 0.032877
0 0.583320 0.489316 0.027859 0.042689
0 0.633781 0.521215 0.152562 0.136722
0 0.059773 0.543620 0.059266 0.134175
0 0.343227 0.584351 0.031828 0.037335
0 0.394469 0.587288 0.028531 0.040566
0 0.436563 0.333219 0.034313 0.045212
0 0.429586 0.507170 0.022984 0.029623
4 0.788367 0.642512 0.047391 0.061014
4 0.502766 0.775425 0.263969 0.260991
4 0.341359 0.745295 0.138094 0.104552
4 0.705539 0.637689 0.064141 0.070330
4 0.766711 0.606745 0.059547 0.080896
4 0.903883 0.583514 0.044891 0.058726
4 0.718688 0.525743 0.033719 0.066156
4 0.777000 0.563432 0.057750 0.075212
0 0.307938 0.547099 0.029687 0.027594
4 0.716375 0.586285 0.051750 0.069929
4 0.947305 0.637075 0.036797 0.081792
0 0.429187 0.574941 0.057031 0.056675
