2 0.493938 0.455281 0.021750 0.029771
2 0.124125 0.411875 0.120844 0.167583
2 0.196898 0.518458 0.108422 0.149875
2 0.245008 0.706135 0.121297 0.207604
2 0.296125 0.671844 0.044344 0.066146
2 0.352227 0.229938 0.269141 0.175833
2 0.548898 0.254490 0.138828 0.177854
2 0.695750 0.258302 0.121750 0.153896
2 0.344664 0.399625 0.207297 0.188750
2 0.465383 0.497771 0.035953 0.025583
2 0.451336 0.537552 0.207359 0.208771
2 0.341336 0.674490 0.027953 0.024729
2 0.572266 0.520844 0.117188 0.143229
