2 0.353227 0.479120 0.048547 0.102606
0 0.422961 0.496150 0.015609 0.021268
0 0.422453 0.475728 0.036531 0.064930
0 0.541609 0.474836 0.053969 0.053192
0 0.565523 0.481115 0.018641 0.022793
0 0.464203 0.459061 0.032875 0.039624
4 0.200969 0.548685 0.041500 0.037700
4 0.220836 0.569460 0.035109 0.042113
4 0.222266 0.596056 0.040375 0.028404
2 0.513828 0.459847 0.040781 0.049272
2 0.391125 0.448087 0.017375 0.019413
0 0.387867 0.483146 0.035453 0.057136
0 0.592797 0.474577 0.013875 0.014977
4 0.189844 0.579930 0.032844 0.045117
