2 0.237664 0.376682 0.229422 0.206262
2 0.417383 0.479393 0.189516 0.199065
2 0.498805 0.283995 0.198266 0.301168
2 0.533211 0.592068 0.112297 0.099042
2 0.446992 0.592827 0.078797 0.115280
2 0.338750 0.619463 0.080094 0.114720
2 0.288813 0.515794 0.080781 0.100374
2 0.458742 0.676822 0.101672 0.130467
2 0.832016 0.318107 0.335969 0.524720
2 0.892500 0.538400 0.215000 0.484883
2 0.329961 0.745794 0.081391 0.148131
2 0.588844 0.435058 0.104219 0.096098
2 0.283203 0.675549 0.084500 0.219229
