2 0.450742 0.551390 0.032047 0.021704
2 0.586805 0.564395 0.028797 0.011076
2 0.674133 0.563554 0.025016 0.026390
2 0.558023 0.561155 0.012141 0.015179
2 0.599844 0.559215 0.010250 0.014260
2 0.643969 0.558778 0.008281 0.016076
2 0.606727 0.558621 0.017922 0.027152
2 0.512875 0.560897 0.007906 0.009955
2 0.496023 0.556469 0.026922 0.015583
2 0.580086 0.551883 0.017484 0.014260
2 0.546531 0.551827 0.050000 0.028901
2 0.628266 0.562276 0.029563 0.019170
2 0.652430 0.560886 0.009953 0.015897
