2 0.590375 0.617375 0.025000 0.032833
2 0.952344 0.617948 0.095312 0.118813
2 0.547125 0.385844 0.040281 0.036396
2 0.895000 0.371167 0.023969 0.027958
2 0.514359 0.684688 0.119938 0.263500
2 0.929188 0.428187 0.058562 0.074208
2 0.835453 0.324813 0.050938 0.061292
2 0.612875 0.360302 0.059813 0.069437
2 0.507352 0.597875 0.048328 0.019500
2 0.461758 0.401792 0.010484 0.012875
2 0.479680 0.542490 0.033766 0.109771
2 0.620313 0.691896 0.120406 0.241958
2 0.920641 0.943187 0.158719 0.113625
