2 0.595977 0.458993 0.031484 0.116862
2 0.415305 0.618724 0.167922 0.460679
2 0.618617 0.447213 0.029422 0.143560
2 0.629789 0.587447 0.248328 0.793724
2 0.938312 0.764473 0.123375 0.448431
2 0.294602 0.571218 0.011078 0.063419
2 0.280195 0.542752 0.134859 0.340211
2 0.168367 0.429836 0.038484 0.089180
2 0.093047 0.507892 0.082469 0.240281
2 0.200031 0.530995 0.097156 0.266440
2 0.057367 0.491710 0.044734 0.128665
2 0.127281 0.750796 0.017219 0.016534
2 0.090969 0.648642 0.011031 0.027213
