2 0.430430 0.908104 0.032703 0.048500
0 0.372500 0.993146 0.031875 0.013708
4 0.330461 0.915625 0.037422 0.043125
2 0.398797 0.903312 0.025250 0.057125
2 0.449742 0.933719 0.041953 0.051896
4 0.351398 0.877875 0.038453 0.043875
4 0.328219 0.919094 0.125188 0.131146
0 0.428039 0.968615 0.033672 0.035188
0 0.365547 0.963198 0.038219 0.051271
0 0.412984 0.951948 0.038969 0.054562
0 0.336359 0.986781 0.036906 0.024104
0 0.418453 0.896583 0.037031 0.051958
0 0.391891 0.958792 0.017969 0.031667
0 0.478953 0.941240 0.023938 0.021271
0 0.391680 0.987094 0.029641 0.025813
0 0.457586 0.926552 0.008516 0.013312
2 0.453391 0.921958 0.018313 0.039625
