2 0.232680 0.556663 0.026703 0.056136
2 0.238609 0.730258 0.169250 0.220047
2 0.339852 0.680386 0.026984 0.027330
2 0.354070 0.598080 0.069172 0.139859
2 0.456164 0.573970 0.096234 0.092342
2 0.514352 0.604169 0.031891 0.102436
2 0.459133 0.713173 0.047766 0.060070
2 0.462047 0.677319 0.050000 0.062459
2 0.472047 0.737178 0.062562 0.038197
2 0.428266 0.660375 0.095750 0.136066
2 0.512117 0.484379 0.052141 0.042623
2 0.372008 0.745152 0.118234 0.174005
2 0.486008 0.698267 0.056953 0.052412
