0 0.781875 0.535176 0.033563 0.054071
0 0.796273 0.527929 0.016016 0.032047
0 0.813055 0.518694 0.023641 0.038988
0 0.799312 0.488882 0.016031 0.035176
0 0.762703 0.498765 0.022875 0.031129
0 0.717102 0.478424 0.015891 0.022259
0 0.597211 0.517671 0.048266 0.060094
0 0.641500 0.625294 0.056125 0.065224
0 0.780992 0.491518 0.033328 0.038988
0 0.607672 0.577259 0.099687 0.097576
4 0.673813 0.484682 0.037250 0.044894
4 0.766180 0.553847 0.020703 0.059412
0 0.827773 0.513306 0.026516 0.042847
0 0.741852 0.482412 0.023422 0.021624
4 0.703227 0.548200 0.088922 0.133906
4 0.898781 0.428906 0.053625 0.055412
0 0.654789 0.550388 0.040797 0.060306
