0 0.535102 0.208260 0.122453 0.099771
0 0.503477 0.360510 0.069703 0.151646
0 0.272828 0.240354 0.190469 0.064125
0 0.767328 0.431646 0.094906 0.174458
0 0.612539 0.492438 0.192922 0.132458
0 0.640898 0.628375 0.281953 0.195417
0 0.635102 0.265583 0.123797 0.135667
0 0.419867 0.188406 0.054047 0.100896
0 0.364594 0.386208 0.207938 0.121417
0 0.134414 0.300000 0.249359 0.116875
0 0.334555 0.235719 0.113891 0.059604
0 0.424594 0.302927 0.165187 0.073687
0 0.642930 0.363031 0.217141 0.108854
