2 0.641580 0.318360 0.044760 0.030533
2 0.658030 0.336133 0.032540 0.016373
2 0.638880 0.352787 0.073120 0.040667
2 0.623160 0.312373 0.040560 0.051893
2 0.593720 0.330973 0.044640 0.045787
2 0.644620 0.300587 0.017640 0.019360
2 0.543650 0.320987 0.020900 0.033173
0 0.480350 0.448213 0.035260 0.049440
0 0.488960 0.402987 0.033080 0.052373
0 0.508980 0.448573 0.030280 0.042320
0 0.545100 0.408680 0.029640 0.033893
0 0.569510 0.439467 0.027300 0.036907
0 0.590080 0.432200 0.026560 0.034587
0 0.575470 0.472960 0.025660 0.034933
4 0.672440 0.305840 0.034400 0.046187
4 0.674710 0.347013 0.013140 0.025760
4 0.698930 0.309173 0.044660 0.030987
4 0.547450 0.473627 0.032780 0.044480
