2 0.201847 0.245805 0.403694 0.491609
2 0.559294 0.297836 0.108000 0.050359
2 0.251459 0.933172 0.240376 0.133656
2 0.844494 0.545477 0.274729 0.138234
2 0.694529 0.900422 0.336165 0.197719
2 0.697541 0.457719 0.214518 0.162344
2 0.833929 0.389711 0.220941 0.135953
2 0.939247 0.407125 0.121506 0.050687
2 0.578024 0.190602 0.115812 0.036453
2 0.496212 0.907312 0.256282 0.133969
2 0.953400 0.171234 0.091694 0.056625
2 0.407765 0.954680 0.260565 0.062922
2 0.558753 0.142891 0.351906 0.238906
